  0.64631512   0.00000000   1.00506370   1.00000000
  0.65369896   0.36179235   1.00523221   1.07889702
  0.65842158   0.71736390   1.00505217   1.07542766
  0.66302186   1.07359207   1.00500942   1.07102083
  0.66655618   1.42655769   1.00509555   1.06862348
  0.67034954   1.78572323   1.00506882   1.06142188
  0.67379315   2.14813291   1.00490475   1.05669661
  0.67833246   2.50087202   1.00509536   1.05642918
  0.68433045   2.84359991   1.00506631   1.05733996
  0.68989655   3.19916774   1.00504452   1.04913154
  0.69762097   3.55748707   1.00500698   1.04540011
  0.70601875   3.91788780   1.00512683   1.04100416
  0.71537970   4.28888890   1.00486836   1.03796373
  0.72514136   4.66070788   1.00481680   1.03559625
  0.73684706   5.02796699   1.00492612   1.03452121
  0.74810960   5.39878912   1.00516170   1.03231584
  0.76041121   5.77666531   1.00491872   1.02883903
  0.77539316   6.16666660   1.00501764   1.02570018
  0.79048283   6.54983917   1.00478744   1.02536882
  0.80520196   6.93922329   1.00480937   1.02138693
  0.82261370   7.33809553   1.00499743   1.02007653
  0.84114841   7.74269427   1.00506006   1.01850293
  0.85948979   8.15009894   1.00494095   1.01593598
  0.87769532   8.54731733   1.00485824   1.01696874
  0.90060885   8.95550225   1.00509344   1.01389733
  0.92068475   9.36533395   1.00511368   1.01358259
  0.94356877   9.77498555   1.00503989   1.01172173
  0.96775575  10.18047262   1.00505238   1.01159169
  0.99159815  10.57765269   1.00516834   1.01002819
  1.01724770  10.98142824   1.00505365   1.00822916
  1.04098211  11.36995031   1.00498667   1.00884988
  1.06998578  11.76587956   1.00502661   1.00746308
  1.09723652  12.16224341   1.00496048   1.00641576
  1.12450196  12.52030619   1.00523916   1.00758655
  1.15333325  12.87192816   1.00496675   1.00668580
  1.18328157  13.21545666   1.00494285   1.00571913
  1.21349277  13.54116207   1.00499778   1.00536431
  1.24389187  13.84306186   1.00511348   1.00738027
  1.27387389  14.11330109   1.00489908   1.00836450
  1.30247171  14.34996068   1.00489407   1.00755052
  1.33187374  14.56110952   1.00485416   1.00837927
  1.36253638  14.73577180   1.00511559   1.00951772
  1.39240718  14.85644148   1.00516484   1.01075153
  1.42088206  14.99130808   1.00513796   1.00836897
  1.45190399  15.07718339   1.00503639   1.00995216
  1.47941938  15.10058757   1.00505443   1.01224725
  1.48956325  14.97536614   0.68212000   1.00000000
  1.47641758  14.51046772   0.68212000   1.00000000
  1.47054466  14.04851994   0.68212000   1.00000000
  1.46058863  13.58133457   0.68212000   1.00000000
  1.45203328  13.11581216   0.68212000   1.00000000
  1.44140860  12.64773782   0.68212000   1.00000000
  1.43150076  12.17998150   0.68212000   1.00000000
  1.42148946  11.71118392   0.68212000   1.00000000
  1.41052003  11.24097215   0.68212000   1.00000000
  1.40125468  10.77212138   0.68212000   1.00000000
  1.38864554  10.30144512   0.68212000   1.00000000
  1.37765294   9.83428195   0.68212000   1.00000000
  1.36692735   9.36557872   0.68212000   1.00000000
  1.35485230   8.89741139   0.68212000   1.00000000
  1.34295431   8.42960897   0.68212000   1.00000000
  1.32900953   7.96523328   0.68212000   1.00000000
  1.31586687   7.50188448   0.68212000   1.00000000
  1.30209903   7.04229574   0.68212000   1.00000000
  1.28742493   6.58527948   0.68212000   1.00000000
  1.27337440   6.13242387   0.68212000   1.00000000
  1.25807374   5.68259110   0.68212000   1.00000000
  1.24224736   5.23886018   0.68212000   1.00000000
  1.22595884   4.79962055   0.68212000   1.00000000
  1.20861870   4.36670584   0.68212000   1.00000000
  1.18972745   3.94033362   0.68212000   1.00000000
  1.17097688   3.52423307   0.68212000   1.00000000
  1.15114455   3.11603254   0.68212000   1.00000000
  1.13077622   2.71756513   0.68212000   1.00000000
  1.10933653   2.32986919   0.68212000   1.00000000
  1.08723282   1.95421642   0.68212000   1.00000000
  1.06472948   1.59175062   0.68212000   1.00000000
  1.04132154   1.24264850   0.68212000   1.00000000
  1.01695498   0.90820859   0.68212000   1.00000000
  0.99221101   0.58924192   0.68212000   1.00000000
  0.96906444   0.28704136   0.68212000   1.00000000
