  0.64631512   0.00000000   1.00506370
  0.70527386   0.39033669   1.08454204
  0.76003228   0.82807085   1.16015653
  0.81243087   1.31552122   1.23148378
  0.86250303   1.84592141   1.30056248
  0.90858565   2.42035298   1.36226111
  0.95145487   3.03335159   1.41901341
  0.99614253   3.67257224   1.47599929
  1.04419015   4.33892575   1.53358708
  1.08657889   5.03865132   1.58293322
  1.13041684   5.76451034   1.62850153
  1.17297421   6.50914916   1.66991010
  1.21568491   7.28834982   1.70762925
  1.25808575   8.08610639   1.74330934
  1.30383143   8.89685496   1.77819026
  1.34793600   9.72748135   1.81108976
  1.39203043  10.57492809   1.83963284
  1.43938456  11.44736000   1.86564306
  1.48744956  12.32481595   1.89070601
  1.53236730  13.20592777   1.91223707
  1.58201855  14.11233881   1.93277182
  1.63322749  15.03370986   1.95148883
  1.68253710  15.95463259   1.96727228
  1.73306962  16.87726444   1.98416154
  1.79083002  17.80771113   1.99859406
  1.84325554  18.74985304   2.01228637
  1.90013073  19.68457519   2.02391945
  1.96005568  20.61914191   2.03559484
  2.01828911  21.52965006   2.04590973
  2.07886704  22.44185882   2.05394705
  2.13658370  23.33647277   2.06270419
  2.20409825  24.23691512   2.07028675
  2.26727253  25.13142784   2.07659811
  2.33214351  25.96629606   2.08480027
  2.39964867  26.78159620   2.09095432
  2.46872712  27.57192955   2.09665200
  2.53826747  28.32410062   2.10215772
  2.61103364  29.05775109   2.10981773
  2.68462375  29.74305674   2.11777316
  2.75472653  30.35015427   2.12535007
  2.82807192  30.91874532   2.13368560
  2.90614855  31.42987043   2.14380714
  2.98483038  31.84697583   2.15471926
  3.05776181  32.26154418   2.16307361
  3.13897110  32.59639987   2.17285730
  3.21657735  32.83193968   2.18520546
  3.23863231  32.55968122   1.48307624
  3.21005078  31.54889163   1.48307624
  3.19728177  30.54451736   1.48307624
  3.17563522  29.52875544   1.48307624
  3.15703404  28.51660914   1.48307624
  3.13393369  27.49891440   1.48307624
  3.11239190  26.48191112   1.48307624
  3.09062518  25.46264389   1.48307624
  3.06677526  24.44030193   1.48307624
  3.04663040  23.42091906   1.48307624
  3.01921540  22.39756719   1.48307624
  2.99531512  21.38185354   1.48307624
  2.97199536  20.36279146   1.48307624
  2.94574160  19.34489454   1.48307624
  2.91987280  18.32779101   1.48307624
  2.88955384  17.31813793   1.48307624
  2.86097885  16.31071755   1.48307624
  2.83104460  15.31147234   1.48307624
  2.79913993  14.31782027   1.48307624
  2.76859105  13.33321434   1.48307624
  2.73532410  12.35518071   1.48307624
  2.70091414  11.39041383   1.48307624
  2.66549938  10.43541197   1.48307624
  2.62779815   9.49416187   1.48307624
  2.58672450   8.56713656   1.48307624
  2.54595671   7.66244406   1.48307624
  2.50283695   6.77492792   1.48307624
  2.45855180   5.90857369   1.48307624
  2.41193728   5.06563897   1.48307624
  2.36387903   4.24888867   1.48307624
  2.31495192   3.46080972   1.48307624
  2.26405800   2.70178629   1.48307624
  2.21107983   1.97464167   1.48307624
  2.15728109   1.28113923   1.48307624
  2.10695544   0.62408992   1.48307624
