  0.35874858   0.00000000   1.00000000
  0.71332561   0.00000000   1.00000000
  1.06292456   0.00106993   0.99946825
  1.37549178   0.04008784   0.98099810
  1.58004610   0.18505096   0.91951971
  1.68738636   0.43305615   0.83039651
  1.74021119   0.73903331   0.73948859
  1.75777889   1.06985602   0.65739941
  1.80855456   1.35578120   0.60420415
  1.81546090   1.69885481   0.54591491
  1.84892641   2.01594667   0.50494334
  1.87506286   2.34193302   0.46730292
  1.92944513   2.64893243   0.44250133
  1.94585113   2.99453219   0.41355749
  1.96672618   3.32931987   0.38915501
  2.00367845   3.65216277   0.37207873
  2.05308410   3.96808872   0.35808806
  2.07500559   4.32128548   0.34104929
  2.10656439   4.65757939   0.32638354
  2.15688864   4.98194207   0.31622062
  2.20904993   5.31142933   0.30751308
  2.24809170   5.65851422   0.29736147
  2.30038888   5.99516122   0.29027117
  2.35070424   6.32377601   0.28397525
  2.40158818   6.65839865   0.27787866
  2.43628550   7.01347738   0.27123980
  2.48248531   7.35397136   0.26573129
  2.52723232   7.69053692   0.26082405
  2.57022740   8.02099547   0.25604140
  2.61375261   8.35548159   0.25154174
  2.65544668   8.67850820   0.24760413
  2.69606243   9.00485795   0.24372930
  2.77463982   9.29532755   0.24296963
  2.81324478   9.58779861   0.23997348
  2.85027671   9.87328495   0.23717308
  2.88728597  10.14983196   0.23460924
  2.92404442  10.40862267   0.23267273
  2.98481717  10.61946631   0.23244999
  3.01259521  10.83173107   0.23102869
  3.08111535  10.97126769   0.23359876
  3.11182975  11.12226018   0.23382188
  3.17750750  11.20084351   0.23814325
  3.18647031  11.28272883   0.23782726
  3.20102585  11.37453813   0.23803800
  3.21798702  11.41232877   0.23996072
  3.25208862  11.37413400   0.24287564
  3.25476791  10.91315497   0.25371991
  3.16955298  10.54661716   0.25562755
  3.05659435  10.20350093   0.25563557
  3.00468385   9.79818209   0.26129635
  2.89238306   9.45351582   0.26226857
  2.84034817   9.04810105   0.26844318
  2.71675024   8.71385051   0.26829634
  2.61141281   8.36040164   0.27038031
  2.52995073   7.98262140   0.27361224
  2.43515355   7.61783315   0.27764570
  2.37232315   7.22259644   0.28375947
  2.23983066   6.89891835   0.28335235
  2.15024246   6.53052891   0.28861272
  2.05911598   6.16556311   0.29400403
  1.99045975   5.77831491   0.30180809
  1.84732642   5.47101732   0.30051817
  1.77169128   5.09644634   0.30950905
  1.67925749   4.74305922   0.31523546
  1.57337603   4.40659852   0.32144577
  1.47399286   4.06717662   0.32741173
  1.38795120   3.71868617   0.33697958
  1.27170655   3.40702627   0.34238379
  1.18124712   3.07453459   0.35226927
  1.07343150   2.76677565   0.36084520
  0.98547843   2.44724775   0.37467680
  0.87710434   2.15827185   0.38408076
  0.77608348   1.87092450   0.39339289
  0.67387999   1.59502892   0.40569497
  0.57461633   1.32803633   0.41892170
  0.47289306   1.07621054   0.43102279
  0.37552056   0.83362057   0.44703864
  0.28160807   0.60183888   0.46319618
  0.18460555   0.38876805   0.47935139
  0.09227816   0.18687275   0.49437242
  0.00000000   0.00009692   0.00000000
