  1.00000000   0.25000000
  1.00000000   0.28576024
  1.00000000   0.32663567
  1.00000000   0.37335795
  1.00000000   0.42676344
  1.00000000   0.48780810
  1.00000000   0.55758465
  1.00000000   0.63734210
  1.00000000   0.72850814
  1.00000000   0.83271465
  1.00000000   0.95182697
  1.00000000   1.08797723
  1.00000000   1.24360255
  1.00000000   1.42148868
  1.00000000   1.62481981
  0.96000000   1.85723562
  0.84000000   2.12289642
  0.74000000   2.42655760
  0.64000000   2.77365477
  0.58000000   3.17040105
  0.52000000   3.62389832
  0.46000000   4.14226427
  0.42000000   4.73477780
  0.38000000   5.41204505
  0.34000000   6.18618926
  0.32000000   7.07106781
  0.30000000   8.08252026
  0.28000000   9.23865185
  0.26000000  10.56015764
  0.24000000  12.07069291
  0.22000000  13.79729661
  0.20000000  15.77087540
  0.20000000  18.02675683
  0.18000000  20.60532174
  0.18000000  23.55272709
  0.18000000  26.92173218
  0.16000000  30.77264306
  0.16000000  35.17439198
  0.16000000  40.20577138
  0.14000000  45.95684420
  0.14000000  52.53055609
  0.14000000  60.04457815
  0.14000000  68.63341327
  0.14000000  78.45080376
  0.12000000  89.67248338
  0.12000000 102.49932301
  0.12000000 117.16092631
  0.14000000 133.91973968
  0.12000000 153.07575008
  0.12000000 174.97185493
  0.14000000 200.00000000
  0.24975000   0.25000000
  0.28551024   0.28576024
  0.32638567   0.32663567
  0.37310795   0.37335795
  0.42651344   0.42676344
  0.46924470   0.48780810
  0.47273353   0.55758465
  0.48070927   0.63734210
  0.48526758   0.72850814
  0.49296101   0.83271465
  0.50199648   0.95182697
  0.50964516   1.08797723
  0.52005214   1.24360255
  0.53023727   1.42148868
  0.54243714   1.62481981
  0.55522001   1.85723562
  0.56983136   2.12289642
  0.58501441   2.42655760
  0.60236927   2.77365477
  0.62220659   3.17040105
  0.64261396   3.62389832
  0.66853226   4.14226427
  0.69519537   4.73477780
  0.72567240   5.41204505
  0.76050889   6.18618926
  0.80032842   7.07106781
  0.84584378   8.08252026
  0.89786970   9.23865185
  0.95072993  10.56015764
  1.01115135  12.07069291
  1.08884851  13.79729661
  1.16779166  15.77087540
  1.25802692  18.02675683
  1.34827669  20.60532174
  1.46617291  23.55272709
  1.60093311  26.92173218
  1.73571499  30.77264306
  1.91178495  35.17439198
  2.08788323  40.20577138
  2.28917078  45.95684420
  2.55211925  52.53055609
  2.81511002  60.04457815
  3.15866343  68.63341327
  3.55135905  78.45080376
  4.00022623  89.67248338
  4.70570241 102.49932301
  5.73201464 117.16092631
  7.40789598 133.91973968
  9.32349702 153.07575008
 11.51310750 174.97185493
 14.01592201 200.00000000
  0.64599760   0.25000000
  0.65233772   0.28576024
  0.65798605   0.32663567
  0.66300733   0.37335795
  0.66746272   0.42676344
  0.67146277   0.48780810
  0.67575437   0.55758465
  0.68060966   0.63734210
  0.68610054   0.72850814
  0.69230467   0.83271465
  0.69930966   0.95182697
  0.70721367   1.08797723
  0.71612918   1.24360255
  0.72618594   1.42148868
  0.73752793   1.62481981
  0.75031307   1.85723562
  0.76476070   2.12289642
  0.78109969   2.42655760
  0.79956640   2.77365477
  0.82042446   3.17040105
  0.84397035   3.62389832
  0.87053746   4.14226427
  0.90049818   4.73477780
  0.93427483   5.41204505
  0.97234196   6.18618926
  1.01523768   7.07106781
  1.06356809   8.08252026
  1.11802473   9.23865185
  1.17939271  10.56015764
  1.24856092  12.07069291
  1.32654366  13.79729661
  1.41449884  15.77087540
  1.51376411  18.02675683
  1.62582824  20.60532174
  1.75244578  23.55272709
  1.89556960  26.92173218
  2.05750433  30.77264306
  2.24080821  35.17439198
  2.44843590  40.20577138
  2.68376895  45.95684420
  2.95047780  52.53055609
  3.25235594  60.04457815
  3.59271270  68.63341327
  3.97267004  78.45080376
  4.38734483  89.67248338
  4.81934615 102.49932301
  5.23369191 117.16092631
  5.58507600 133.91973968
  5.84015297 153.07575008
  5.99198925 174.97185493
  6.05958561 200.00000000
