  1.00000000   0.25000000
  1.00000000   0.28576024
  1.00000000   0.32663567
  1.00000000   0.37335795
  1.00000000   0.42676344
  1.00000000   0.48780810
  1.00000000   0.55758465
  1.00000000   0.63734210
  1.00000000   0.72850814
  1.00000000   0.83271465
  1.00000000   0.95182697
  1.00000000   1.08797723
  1.00000000   1.24360255
  1.00000000   1.42148868
  1.00000000   1.62481981
  1.00000000   1.85723562
  1.00000000   2.12289642
  0.90000000   2.42655760
  0.80000000   2.77365477
  0.72000000   3.17040105
  0.64000000   3.62389832
  0.58000000   4.14226427
  0.52000000   4.73477780
  0.48000000   5.41204505
  0.42000000   6.18618926
  0.38000000   7.07106781
  0.36000000   8.08252026
  0.32000000   9.23865185
  0.30000000  10.56015764
  0.26000000  12.07069291
  0.24000000  13.79729661
  0.22000000  15.77087540
  0.22000000  18.02675683
  0.20000000  20.60532174
  0.18000000  23.55272709
  0.18000000  26.92173218
  0.16000000  30.77264306
  0.16000000  35.17439198
  0.14000000  40.20577138
  0.14000000  45.95684420
  0.14000000  52.53055609
  0.14000000  60.04457815
  0.12000000  68.63341327
  0.12000000  78.45080376
  0.12000000  89.67248338
  0.12000000 102.49932301
  0.12000000 117.16092631
  0.12000000 133.91973968
  0.12000000 153.07575008
  0.12000000 174.97185493
  0.10000000 200.00000000
  0.25000000   0.25000000
  0.28576024   0.28576024
  0.32663567   0.32663567
  0.37335795   0.37335795
  0.42676344   0.42676344
  0.48780810   0.48780810
  0.55758465   0.55758465
  0.63734210   0.63734210
  0.65101701   0.72850814
  0.66411665   0.83271465
  0.68059587   0.95182697
  0.69601252   1.08797723
  0.71357895   1.24360255
  0.73544026   1.42148868
  0.75701137   1.62481981
  0.77872632   1.85723562
  0.80489763   2.12289642
  0.83003100   2.42655760
  0.85712985   2.77365477
  0.88490209   3.17040105
  0.91437941   3.62389832
  0.94548137   4.14226427
  0.98103218   4.73477780
  1.01828188   5.41204505
  1.05698909   6.18618926
  1.10123302   7.07106781
  1.15180564   8.08252026
  1.20961222   9.23865185
  1.26907998  10.56015764
  1.33705407  12.07069291
  1.41475123  13.79729661
  1.50356228  15.77087540
  1.60507694  18.02675683
  1.72111236  20.60532174
  1.85374560  23.55272709
  2.00535083  26.92173218
  2.17864182  30.77264306
  2.37672052  35.17439198
  2.60313260  40.20577138
  2.86193087  45.95684420
  3.15774791  52.53055609
  3.49587890  60.04457815
  3.88237648  68.63341327
  4.32415905  78.45080376
  4.82913464  89.67248338
  5.40634242 102.49932301
  6.06611457 117.16092631
  6.82026117 133.91973968
  7.68228164 153.07575008
  8.66760636 174.97185493
  9.91901361 200.00000000
  1.08935070   0.25000000
  1.10746738   0.28576024
  1.12381841   0.32663567
  1.13852442   0.37335795
  1.15170941   0.42676344
  1.16349743   0.48780810
  1.17400998   0.55758465
  1.18336403   0.63734210
  1.19250761   0.72850814
  1.20292856   0.83271465
  1.21443584   0.95182697
  1.22727729   1.08797723
  1.24157914   1.24360255
  1.25746765   1.42148868
  1.27509155   1.62481981
  1.29461745   1.85723562
  1.31624762   2.12289642
  1.34026842   2.42655760
  1.36705806   2.77365477
  1.39701823   3.17040105
  1.43060687   3.62389832
  1.46834771   4.14226427
  1.51084146   4.73477780
  1.55878084   5.41204505
  1.61297068   6.18618926
  1.67433829   7.07106781
  1.74396220   8.08252026
  1.82309962   9.23865185
  1.91318794  10.56015764
  2.01590161  12.07069291
  2.13313439  13.79729661
  2.26703985  15.77087540
  2.42005332  18.02675683
  2.59494874  20.60532174
  2.79486651  23.55272709
  3.02334543  26.92173218
  3.28454859  30.77264306
  3.58311054  35.17439198
  3.92427575  40.20577138
  4.31439226  45.95684420
  4.76035733  52.53055609
  5.26987870  60.04457815
  5.85216167  68.63341327
  6.51805636  78.45080376
  7.27940104  89.67248338
  8.14964973 102.49932301
  9.14412472 117.16092631
 10.28081257 133.91973968
 11.57942659 153.07575008
 13.06484389 174.97185493
 14.75420064 200.00000000
