  1.00000000   0.25000000
  1.00000000   0.28576024
  1.00000000   0.32663567
  1.00000000   0.37335795
  1.00000000   0.42676344
  1.00000000   0.48780810
  1.00000000   0.55758465
  1.00000000   0.63734210
  1.00000000   0.72850814
  1.00000000   0.83271465
  1.00000000   0.95182697
  1.00000000   1.08797723
  1.00000000   1.24360255
  1.00000000   1.42148868
  0.84000000   1.62481981
  0.72000000   1.85723562
  0.62000000   2.12289642
  0.52000000   2.42655760
  0.46000000   2.77365477
  0.40000000   3.17040105
  0.36000000   3.62389832
  0.32000000   4.14226427
  0.28000000   4.73477780
  0.26000000   5.41204505
  0.24000000   6.18618926
  0.22000000   7.07106781
  0.20000000   8.08252026
  0.18000000   9.23865185
  0.18000000  10.56015764
  0.16000000  12.07069291
  0.16000000  13.79729661
  0.14000000  15.77087540
  0.14000000  18.02675683
  0.14000000  20.60532174
  0.14000000  23.55272709
  0.12000000  26.92173218
  0.12000000  30.77264306
  0.12000000  35.17439198
  0.12000000  40.20577138
  0.12000000  45.95684420
  0.12000000  52.53055609
  0.12000000  60.04457815
  0.12000000  68.63341327
  0.12000000  78.45080376
  0.10000000  89.67248338
  0.10000000 102.49932301
  0.10000000 117.16092631
  0.10000000 133.91973968
  0.10000000 153.07575008
  0.10000000 174.97185493
  0.10000000 200.00000000
  0.25000000   0.25000000
  0.28576024   0.28576024
  0.32663567   0.32663567
  0.37335795   0.37335795
  0.42676344   0.42676344
  0.48780810   0.48780810
  0.55758465   0.55758465
  0.63734210   0.63734210
  0.69660002   0.72850814
  0.71605158   0.83271465
  0.73947812   0.95182697
  0.76195468   1.08797723
  0.79157384   1.24360255
  0.81937999   1.42148868
  0.85187343   1.62481981
  0.88071320   1.85723562
  0.91516309   2.12289642
  0.95086107   2.42655760
  0.98921258   2.77365477
  1.03272107   3.17040105
  1.08284201   3.62389832
  1.13992952   4.14226427
  1.20275607   4.73477780
  1.27916910   5.41204505
  1.36160368   6.18618926
  1.45882673   7.07106781
  1.56944832   8.08252026
  1.69580843   9.23865185
  1.84021146  10.56015764
  2.00514665  12.07069291
  2.19356824  13.79729661
  2.40934113  15.77087540
  2.65546294  18.02675683
  2.93723154  20.60532174
  3.25918931  23.55272709
  3.62717056  26.92173218
  4.04777055  30.77264306
  4.52851899  35.17439198
  5.07804326  40.20577138
  5.70620623  45.95684420
  6.42417694  52.53055609
  7.24490395  60.04457815
  8.18300197  68.63341327
  9.25527916  78.45080376
 10.48093352  89.67248338
 11.88190761 102.49932301
 13.48328269 117.16092631
 15.31372327 133.91973968
 17.40598837 153.07575008
 19.79753873 174.97185493
 22.53117319 200.00000000
  2.26188244   0.25000000
  2.34141185   0.28576024
  2.41572107   0.32663567
  2.48470991   0.37335795
  2.54837984   0.42676344
  2.60681952   0.48780810
  2.66018917   0.55758465
  2.70870499   0.63734210
  2.75368654   0.72850814
  2.80210687   0.83271465
  2.85623190   0.95182697
  2.91662674   1.08797723
  2.98395454   1.24360255
  3.05895621   1.42148868
  3.14284802   1.62481981
  3.23732400   1.85723562
  3.34422098   2.12289642
  3.46563720   2.42655760
  3.60394198   2.77365477
  3.76178828   3.17040105
  3.94211856   3.62389832
  4.14822490   4.14226427
  4.38381857   4.73477780
  4.65310239   5.41204505
  4.96090064   6.18618926
  5.31273681   7.07106781
  5.71490188   8.08252026
  6.17457370   9.23865185
  6.70000425  10.56015764
  7.30058340  12.07069291
  7.98712759  13.79729661
  8.77169584  15.77087540
  9.66870955  18.02675683
 10.69407360  20.60532174
 11.86578715  23.55272709
 13.20503251  26.92173218
 14.73632205  30.77264306
 16.48673441  35.17439198
 18.48734142  40.20577138
 20.77394070  45.95684420
 23.38745519  52.53055609
 26.37466181  60.04457815
 29.78903275  68.63341327
 33.69165155  78.45080376
 38.15275419  89.67248338
 43.25278588 102.49932301
 49.08245577 117.16092631
 55.74595396 133.91973968
 63.36255010 153.07575008
 72.06858951 174.97185493
 82.01990797 200.00000000
