  1.00000000   0.25000000
  1.00000000   0.28576024
  1.00000000   0.32663567
  1.00000000   0.37335795
  1.00000000   0.42676344
  1.00000000   0.48780810
  1.00000000   0.55758465
  1.00000000   0.63734210
  1.00000000   0.72850814
  1.00000000   0.83271465
  1.00000000   0.95182697
  1.00000000   1.08797723
  1.00000000   1.24360255
  1.00000000   1.42148868
  1.00000000   1.62481981
  1.00000000   1.85723562
  0.88000000   2.12289642
  0.78000000   2.42655760
  0.68000000   2.77365477
  0.62000000   3.17040105
  0.54000000   3.62389832
  0.48000000   4.14226427
  0.44000000   4.73477780
  0.40000000   5.41204505
  0.36000000   6.18618926
  0.32000000   7.07106781
  0.28000000   8.08252026
  0.26000000   9.23865185
  0.24000000  10.56015764
  0.22000000  12.07069291
  0.20000000  13.79729661
  0.20000000  15.77087540
  0.18000000  18.02675683
  0.18000000  20.60532174
  0.16000000  23.55272709
  0.16000000  26.92173218
  0.14000000  30.77264306
  0.14000000  35.17439198
  0.14000000  40.20577138
  0.14000000  45.95684420
  0.12000000  52.53055609
  0.12000000  60.04457815
  0.12000000  68.63341327
  0.12000000  78.45080376
  0.12000000  89.67248338
  0.12000000 102.49932301
  0.12000000 117.16092631
  0.12000000 133.91973968
  0.12000000 153.07575008
  0.10000000 174.97185493
  0.10000000 200.00000000
  0.25000000   0.25000000
  0.28576024   0.28576024
  0.32663567   0.32663567
  0.37335795   0.37335795
  0.42676344   0.42676344
  0.48780810   0.48780810
  0.55758465   0.55758465
  0.63734210   0.63734210
  0.67380851   0.72850814
  0.68303795   0.83271465
  0.70034128   0.95182697
  0.72068710   1.08797723
  0.73959690   1.24360255
  0.76344132   1.42148868
  0.78745159   1.62481981
  0.81498403   1.85723562
  0.84206406   2.12289642
  0.87137737   2.42655760
  0.90008814   2.77365477
  0.93053788   3.17040105
  0.96481287   3.62389832
  1.00109849   4.14226427
  1.04257444   4.73477780
  1.08659681   5.41204505
  1.13304546   6.18618926
  1.18613818   7.07106781
  1.25188258   8.08252026
  1.32125048   9.23865185
  1.40054083  10.56015764
  1.49117294  12.07069291
  1.59476917  13.79729661
  1.71318389  15.77087540
  1.84853678  18.02675683
  2.00325067  20.60532174
  2.18009499  23.55272709
  2.38223530  26.92173218
  2.61328995  30.77264306
  2.87739489  35.17439198
  3.17927765  40.20577138
  3.52434202  45.95684420
  3.91876473  52.53055609
  4.36960606  60.04457815
  4.88493617  68.63341327
  5.47397959  78.45080376
  6.14728037  89.67248338
  6.91689075 102.49932301
  7.79658695 117.16092631
  8.80211575 133.91973968
  9.95147637 153.07575008
 11.26524266 174.97185493
 12.89207209 200.00000000
  1.39602181   0.25000000
  1.42591454   0.28576024
  1.45313641   0.32663567
  1.47781861   0.37335795
  1.50011008   0.42676344
  1.52017088   0.48780810
  1.53816650   0.55758465
  1.55426320   0.63734210
  1.56929450   0.72850814
  1.58624580   0.83271465
  1.60516667   0.95182697
  1.62623474   1.08797723
  1.64968613   1.24360255
  1.67574309   1.42148868
  1.70465404   1.62481981
  1.73672189   1.85723562
  1.77239658   2.12289642
  1.81227354   2.42655760
  1.85699087   2.77365477
  1.90728241   3.17040105
  1.96399150   3.62389832
  2.02809363   4.14226427
  2.10072372   4.73477780
  2.18319588   5.41204505
  2.27703705   6.18618926
  2.38399603   7.07106781
  2.50606408   8.08252026
  2.64550947   9.23865185
  2.80485967  10.56015764
  2.98699412  12.07069291
  3.19517520  13.79729661
  3.43312762  15.77087540
  3.70514247  18.02675683
  4.01601877  20.60532174
  4.37143423  23.55272709
  4.77762118  26.92173218
  5.24187242  30.77264306
  5.77270108  35.17439198
  6.37941783  40.20577138
  7.07264315  45.95684420
  7.86506331  52.53055609
  8.77119704  60.04457815
  9.80705250  68.63341327
 10.99095444  78.45080376
 12.34399841  89.67248338
 13.89038394 102.49932301
 15.65779267 117.16092631
 17.67783949 133.91973968
 19.98661521 153.07575008
 22.62627210 174.97185493
 25.64104434 200.00000000
