  1.00000000   0.25000000
  1.00000000   0.28576024
  1.00000000   0.32663567
  1.00000000   0.37335795
  1.00000000   0.42676344
  1.00000000   0.48780810
  1.00000000   0.55758465
  1.00000000   0.63734210
  1.00000000   0.72850814
  1.00000000   0.83271465
  1.00000000   0.95182697
  1.00000000   1.08797723
  1.00000000   1.24360255
  1.00000000   1.42148868
  1.00000000   1.62481981
  1.00000000   1.85723562
  1.00000000   2.12289642
  0.92000000   2.42655760
  0.80000000   2.77365477
  0.70000000   3.17040105
  0.62000000   3.62389832
  0.56000000   4.14226427
  0.50000000   4.73477780
  0.46000000   5.41204505
  0.40000000   6.18618926
  0.38000000   7.07106781
  0.34000000   8.08252026
  0.32000000   9.23865185
  0.30000000  10.56015764
  0.28000000  12.07069291
  0.26000000  13.79729661
  0.24000000  15.77087540
  0.22000000  18.02675683
  0.22000000  20.60532174
  0.20000000  23.55272709
  0.20000000  26.92173218
  0.18000000  30.77264306
  0.18000000  35.17439198
  0.16000000  40.20577138
  0.16000000  45.95684420
  0.16000000  52.53055609
  0.16000000  60.04457815
  0.16000000  68.63341327
  0.16000000  78.45080376
  0.16000000  89.67248338
  0.16000000 102.49932301
  0.16000000 117.16092631
  0.16000000 133.91973968
  0.16000000 153.07575008
  0.16000000 174.97185493
  0.14000000 200.00000000
  0.24975000   0.25000000
  0.28551024   0.28576024
  0.32638567   0.32663567
  0.37310795   0.37335795
  0.42651344   0.42676344
  0.48755810   0.48780810
  0.52942403   0.55758465
  0.53341190   0.63734210
  0.54252850   0.72850814
  0.54890445   0.83271465
  0.55750850   0.95182697
  0.56505838   1.08797723
  0.57550882   1.24360255
  0.58686537   1.42148868
  0.59875995   1.62481981
  0.61154282   1.85723562
  0.62615417   2.12289642
  0.64133722   2.42655760
  0.65695660   2.77365477
  0.67481018   3.17040105
  0.69521756   3.62389832
  0.71854403   4.14226427
  0.74520713   4.73477780
  0.77568416   5.41204505
  0.80664993   6.18618926
  0.84646946   7.07106781
  0.88692756   8.08252026
  0.93317283   9.23865185
  0.98603306  10.56015764
  1.04645447  12.07069291
  1.10688560  13.79729661
  1.18582875  15.77087540
  1.26478460  18.02675683
  1.35503437  20.60532174
  1.45819356  23.55272709
  1.57610874  26.92173218
  1.71089062  30.77264306
  1.86495183  35.17439198
  2.04105011  40.20577138
  2.24233766  45.95684420
  2.47241757  52.53055609
  2.73540834  60.04457815
  3.07896175  68.63341327
  3.47165737  78.45080376
  4.03274135  89.67248338
  4.73821753 102.49932301
  5.69122174 117.16092631
  7.03192681 133.91973968
  8.94752785 153.07575008
 11.13713834 174.97185493
 13.63995285 200.00000000
  0.65459647   0.25000000
  0.66110736   0.28576024
  0.66690925   0.32663567
  0.67206818   0.37335795
  0.67664660   0.42676344
  0.68070289   0.48780810
  0.68437016   0.55758465
  0.68835516   0.63734210
  0.69286132   0.72850814
  0.69795232   0.83271465
  0.70369903   0.95182697
  0.71018146   1.08797723
  0.71748862   1.24360255
  0.72572011   1.42148868
  0.73498955   1.62481981
  0.74542778   1.85723562
  0.75718161   2.12289642
  0.77042313   2.42655760
  0.78538011   2.77365477
  0.80226747   3.17040105
  0.82132041   3.62389832
  0.84280097   4.14226427
  0.86700257   4.73477780
  0.89425138   5.41204505
  0.92491573   6.18618926
  0.95940721   7.07106781
  0.99818803   8.08252026
  1.04177731   9.23865185
  1.09076140  10.56015764
  1.14580350  12.07069291
  1.20765385  13.79729661
  1.27715869  15.77087540
  1.35526913  18.02675683
  1.44306534  20.60532174
  1.54177177  23.55272709
  1.65272892  26.92173218
  1.77745606  30.77264306
  1.91754549  35.17439198
  2.07466999  40.20577138
  2.25043168  45.95684420
  2.44601861  52.53055609
  2.66180175  60.04457815
  2.89652902  68.63341327
  3.14618735  78.45080376
  3.40298249  89.67248338
  3.65512271 102.49932301
  3.88854686 117.16092631
  4.09022332 133.91973968
  4.25088332 153.07575008
  4.36404564 174.97185493
  4.42753254 200.00000000
