  1.00000000   0.25000000
  1.00000000   0.28576024
  1.00000000   0.32663567
  1.00000000   0.37335795
  1.00000000   0.42676344
  1.00000000   0.48780810
  1.00000000   0.55758465
  1.00000000   0.63734210
  1.00000000   0.72850814
  1.00000000   0.83271465
  1.00000000   0.95182697
  1.00000000   1.08797723
  1.00000000   1.24360255
  1.00000000   1.42148868
  1.00000000   1.62481981
  1.00000000   1.85723562
  0.98000000   2.12289642
  0.86000000   2.42655760
  0.74000000   2.77365477
  0.66000000   3.17040105
  0.58000000   3.62389832
  0.52000000   4.14226427
  0.46000000   4.73477780
  0.42000000   5.41204505
  0.38000000   6.18618926
  0.34000000   7.07106781
  0.32000000   8.08252026
  0.30000000   9.23865185
  0.26000000  10.56015764
  0.24000000  12.07069291
  0.24000000  13.79729661
  0.22000000  15.77087540
  0.20000000  18.02675683
  0.20000000  20.60532174
  0.18000000  23.55272709
  0.18000000  26.92173218
  0.16000000  30.77264306
  0.16000000  35.17439198
  0.16000000  40.20577138
  0.14000000  45.95684420
  0.14000000  52.53055609
  0.14000000  60.04457815
  0.14000000  68.63341327
  0.12000000  78.45080376
  0.12000000  89.67248338
  0.12000000 102.49932301
  0.12000000 117.16092631
  0.12000000 133.91973968
  0.10000000 153.07575008
  0.10000000 174.97185493
  0.12000000 200.00000000
  0.24975000   0.25000000
  0.28551024   0.28576024
  0.32638567   0.32663567
  0.37310795   0.37335795
  0.42651344   0.42676344
  0.48755810   0.48780810
  0.55733465   0.55758465
  0.58126188   0.63734210
  0.59037849   0.72850814
  0.59779648   0.83271465
  0.60799764   0.95182697
  0.62026318   1.08797723
  0.63371916   1.24360255
  0.64725635   1.42148868
  0.66116759   1.62481981
  0.67743670   1.85723562
  0.69470465   2.12289642
  0.71292432   2.42655760
  0.73201466   2.77365477
  0.75383571   3.17040105
  0.77877806   3.62389832
  0.80728819   4.14226427
  0.83691386   4.73477780
  0.87077723   5.41204505
  0.90948444   6.18618926
  0.94930397   7.07106781
  0.99987659   8.08252026
  1.05190252   9.23865185
  1.11137028  10.56015764
  1.17934436  12.07069291
  1.25704153  13.79729661
  1.34585257  15.77087540
  1.44736724  18.02675683
  1.55050984  20.60532174
  1.68314308  23.55272709
  1.81790328  26.92173218
  1.99119427  30.77264306
  2.16726423  35.17439198
  2.36851940  40.20577138
  2.62731768  45.95684420
  2.89026615  52.53055609
  3.19082704  60.04457815
  3.53438044  68.63341327
  3.92707606  78.45080376
  4.37594325  89.67248338
  4.88901683 102.49932301
  5.54878898 117.16092631
  6.38672965 133.91973968
  7.91921048 153.07575008
 10.10882097 174.97185493
 12.61163547 200.00000000
  0.87048645   0.25000000
  0.88203810   0.28576024
  0.89239609   0.32663567
  0.90165754   0.37335795
  0.90991761   0.42676344
  0.91726796   0.48780810
  0.92379567   0.55758465
  0.93003353   0.63734210
  0.93702637   0.72850814
  0.94489932   0.83271465
  0.95375426   0.95182697
  0.96370801   1.08797723
  0.97489125   1.24360255
  0.98745238   1.42148868
  1.00156253   1.62481981
  1.01742073   1.85723562
  1.03525119   2.12289642
  1.05535374   2.42655760
  1.07805846   2.77365477
  1.10370018   3.17040105
  1.13265759   3.62389832
  1.16535955   4.14226427
  1.20229460   4.73477780
  1.24401939   5.41204505
  1.29116737   6.18618926
  1.34446137   7.07106781
  1.40472982   8.08252026
  1.47290779   9.23865185
  1.55007274  10.56015764
  1.63744975  12.07069291
  1.73643749  13.79729661
  1.84862755  15.77087540
  1.97583511  18.02675683
  2.12014544  20.60532174
  2.28395412  23.55272709
  2.46995931  26.92173218
  2.68131963  30.77264306
  2.92159422  35.17439198
  3.19487031  40.20577138
  3.50592366  45.95684420
  3.86008256  52.53055609
  4.26347403  60.04457815
  4.72318774  68.63341327
  5.24739294  78.45080376
  5.84526831  89.67248338
  6.52651851 102.49932301
  7.29817276 117.16092631
  8.14891001 133.91973968
  9.00349993 153.07575008
  9.67618423 174.97185493
 10.00261935 200.00000000
