  1.00000000   0.25000000
  1.00000000   0.28576024
  1.00000000   0.32663567
  1.00000000   0.37335795
  1.00000000   0.42676344
  1.00000000   0.48780810
  1.00000000   0.55758465
  1.00000000   0.63734210
  1.00000000   0.72850814
  1.00000000   0.83271465
  1.00000000   0.95182697
  1.00000000   1.08797723
  1.00000000   1.24360255
  1.00000000   1.42148868
  1.00000000   1.62481981
  0.98000000   1.85723562
  0.84000000   2.12289642
  0.74000000   2.42655760
  0.66000000   2.77365477
  0.58000000   3.17040105
  0.52000000   3.62389832
  0.46000000   4.14226427
  0.42000000   4.73477780
  0.38000000   5.41204505
  0.34000000   6.18618926
  0.32000000   7.07106781
  0.30000000   8.08252026
  0.28000000   9.23865185
  0.26000000  10.56015764
  0.24000000  12.07069291
  0.22000000  13.79729661
  0.20000000  15.77087540
  0.20000000  18.02675683
  0.18000000  20.60532174
  0.18000000  23.55272709
  0.18000000  26.92173218
  0.16000000  30.77264306
  0.16000000  35.17439198
  0.16000000  40.20577138
  0.14000000  45.95684420
  0.14000000  52.53055609
  0.14000000  60.04457815
  0.14000000  68.63341327
  0.12000000  78.45080376
  0.12000000  89.67248338
  0.12000000 102.49932301
  0.12000000 117.16092631
  0.12000000 133.91973968
  0.12000000 153.07575008
  0.12000000 174.97185493
  0.12000000 200.00000000
  0.24975000   0.25000000
  0.28551024   0.28576024
  0.32638567   0.32663567
  0.37310795   0.37335795
  0.42651344   0.42676344
  0.47840140   0.48780810
  0.48189023   0.55758465
  0.48986597   0.63734210
  0.49442428   0.72850814
  0.50241682   0.83271465
  0.51186413   0.95182697
  0.51994260   1.08797723
  0.53113446   1.24360255
  0.54138713   1.42148868
  0.55358700   1.62481981
  0.56753195   1.85723562
  0.58081499   2.12289642
  0.59751635   2.42655760
  0.61487121   2.77365477
  0.63470852   3.17040105
  0.65738339   3.62389832
  0.68070985   4.14226427
  0.71033553   4.73477780
  0.74081256   5.41204505
  0.77564905   6.18618926
  0.81546858   7.07106781
  0.86098394   8.08252026
  0.91300986   9.23865185
  0.96587009  10.56015764
  1.03384418  12.07069291
  1.10290833  13.79729661
  1.18185148  15.77087540
  1.27208674  18.02675683
  1.37522933  20.60532174
  1.49312555  23.55272709
  1.62788575  26.92173218
  1.76266763  30.77264306
  1.93873759  35.17439198
  2.13999277  40.20577138
  2.34128031  45.95684420
  2.57136023  52.53055609
  2.87192111  60.04457815
  3.17253034  68.63341327
  3.56522596  78.45080376
  4.01409315  89.67248338
  4.65543513 102.49932301
  5.60843934 117.16092631
  7.20052661 133.91973968
  9.11612765 153.07575008
 11.30573814 174.97185493
 13.80855264 200.00000000
  0.66955202   0.25000000
  0.67636536   0.28576024
  0.68243938   0.32663567
  0.68784235   0.37335795
  0.69263898   0.42676344
  0.69690463   0.48780810
  0.70134444   0.55758465
  0.70636710   0.63734210
  0.71204530   0.72850814
  0.71846046   0.83271465
  0.72570270   0.95182697
  0.73387302   1.08797723
  0.74308722   1.24360255
  0.75347886   1.42148868
  0.76519744   1.62481981
  0.77840654   1.85723562
  0.79332873   2.12289642
  0.81020643   2.42655760
  0.82928355   2.77365477
  0.85083490   3.17040105
  0.87516689   3.62389832
  0.90262554   4.14226427
  0.93359892   4.73477780
  0.96852513   5.41204505
  1.00789771   6.18618926
  1.05227754   7.07106781
  1.10229450   8.08252026
  1.15866911   9.23865185
  1.22221856  10.56015764
  1.29387191  12.07069291
  1.37468565  13.79729661
  1.46586832  15.77087540
  1.56881760  18.02675683
  1.68508851  20.60532174
  1.81651078  23.55272709
  1.96512663  26.92173218
  2.13334579  30.77264306
  2.32385034  35.17439198
  2.53973460  40.20577138
  2.78459846  45.95684420
  3.06237679  52.53055609
  3.37738422  60.04457815
  3.73388377  68.63341327
  4.13484364  78.45080376
  4.57866936  89.67248338
  5.05232466 102.49932301
  5.52266266 117.16092631
  5.93678931 133.91973968
  6.24565987 153.07575008
  6.43092102 174.97185493
  6.51234556 200.00000000
