  1.00000000   0.25000000
  1.00000000   0.28576024
  1.00000000   0.32663567
  1.00000000   0.37335795
  1.00000000   0.42676344
  1.00000000   0.48780810
  1.00000000   0.55758465
  1.00000000   0.63734210
  1.00000000   0.72850814
  1.00000000   0.83271465
  1.00000000   0.95182697
  1.00000000   1.08797723
  1.00000000   1.24360255
  1.00000000   1.42148868
  0.92000000   1.62481981
  0.78000000   1.85723562
  0.68000000   2.12289642
  0.58000000   2.42655760
  0.50000000   2.77365477
  0.44000000   3.17040105
  0.40000000   3.62389832
  0.34000000   4.14226427
  0.32000000   4.73477780
  0.28000000   5.41204505
  0.26000000   6.18618926
  0.24000000   7.07106781
  0.22000000   8.08252026
  0.20000000   9.23865185
  0.18000000  10.56015764
  0.18000000  12.07069291
  0.16000000  13.79729661
  0.16000000  15.77087540
  0.14000000  18.02675683
  0.14000000  20.60532174
  0.14000000  23.55272709
  0.14000000  26.92173218
  0.12000000  30.77264306
  0.12000000  35.17439198
  0.12000000  40.20577138
  0.12000000  45.95684420
  0.12000000  52.53055609
  0.12000000  60.04457815
  0.12000000  68.63341327
  0.12000000  78.45080376
  0.12000000  89.67248338
  0.10000000 102.49932301
  0.10000000 117.16092631
  0.10000000 133.91973968
  0.10000000 153.07575008
  0.10000000 174.97185493
  0.10000000 200.00000000
  0.25000000   0.25000000
  0.28576024   0.28576024
  0.32663567   0.32663567
  0.37335795   0.37335795
  0.42676344   0.42676344
  0.48780810   0.48780810
  0.55758465   0.55758465
  0.63734210   0.63734210
  0.69204172   0.72850814
  0.71129474   0.83271465
  0.72982879   0.95182697
  0.75617025   1.08797723
  0.78118019   1.24360255
  0.80819413   1.42148868
  0.83959138   1.62481981
  0.86722753   1.85723562
  0.89976849   2.12289642
  0.93143470   2.42655760
  0.96739023   2.77365477
  1.00619121   3.17040105
  1.04974962   3.62389832
  1.09946388   4.14226427
  1.15655170   4.73477780
  1.22212606   5.41204505
  1.29566976   6.18618926
  1.37973322   7.07106781
  1.47582120   8.08252026
  1.58565371   9.23865185
  1.71119675  10.56015764
  1.85469761  12.07069291
  2.01872496  13.79729661
  2.20621494  15.77087540
  2.42052368  18.02675683
  2.66548734  20.60532174
  2.94549085  23.55272709
  3.26554634  26.92173218
  3.63138287  30.77264306
  4.04954902  35.17439198
  4.52753006  40.20577138
  5.07388198  45.95684420
  5.69838461  52.53055609
  6.41221670  60.04457815
  7.22815604  68.63341327
  8.16080814  78.45080376
  9.22686770  89.67248338
 10.44541746 102.49932301
 11.83826978 117.16092631
 13.43035705 133.91973968
 15.25017804 153.07575008
 17.33030800 174.97185493
 19.70798178 200.00000000
  2.02906202   0.25000000
  2.09283099   0.28576024
  2.15200003   0.32663567
  2.20657807   0.37335795
  2.25664807   0.42676344
  2.30235359   0.48780810
  2.34388525   0.55758465
  2.38146814   0.63734210
  2.41626569   0.72850814
  2.45392736   0.83271465
  2.49606797   0.95182697
  2.54306001   1.08797723
  2.59541555   1.24360255
  2.65367931   1.42148868
  2.71857825   1.62481981
  2.79133102   1.85723562
  2.87328655   2.12289642
  2.96598699   2.42655760
  3.07119343   2.77365477
  3.19093256   3.17040105
  3.32749145   3.62389832
  3.48343525   4.14226427
  3.66164253   4.73477780
  3.86533587   5.41204505
  4.09815532   6.18618926
  4.36427904   7.07106781
  4.66846975   8.08252026
  5.01617485   9.23865185
  5.41360702  10.56015764
  5.86788739  12.07069291
  6.38713419  13.79729661
  6.98072273  15.77087540
  7.65905269  18.02675683
  8.43457974  20.60532174
  9.32112542  23.55272709
 10.33421080  26.92173218
 11.49204829  30.77264306
 12.81593351  35.17439198
 14.32938058  40.20577138
 16.05914101  45.95684420
 18.03613955  52.53055609
 20.29575789  60.04457815
 22.87843418  68.63341327
 25.83039766  78.45080376
 29.20444890  89.67248338
 33.06128585 102.49932301
 37.47059189 117.16092631
 42.51092942 133.91973968
 48.27214659 153.07575008
 54.85741834 174.97185493
 62.38459387 200.00000000
