  1.00000000   0.25000000
  1.00000000   0.28576024
  1.00000000   0.32663567
  1.00000000   0.37335795
  1.00000000   0.42676344
  1.00000000   0.48780810
  1.00000000   0.55758465
  1.00000000   0.63734210
  1.00000000   0.72850814
  1.00000000   0.83271465
  1.00000000   0.95182697
  1.00000000   1.08797723
  1.00000000   1.24360255
  1.00000000   1.42148868
  1.00000000   1.62481981
  1.00000000   1.85723562
  0.94000000   2.12289642
  0.84000000   2.42655760
  0.74000000   2.77365477
  0.66000000   3.17040105
  0.58000000   3.62389832
  0.52000000   4.14226427
  0.48000000   4.73477780
  0.42000000   5.41204505
  0.38000000   6.18618926
  0.34000000   7.07106781
  0.32000000   8.08252026
  0.28000000   9.23865185
  0.26000000  10.56015764
  0.24000000  12.07069291
  0.22000000  13.79729661
  0.20000000  15.77087540
  0.20000000  18.02675683
  0.18000000  20.60532174
  0.18000000  23.55272709
  0.16000000  26.92173218
  0.16000000  30.77264306
  0.14000000  35.17439198
  0.14000000  40.20577138
  0.14000000  45.95684420
  0.14000000  52.53055609
  0.12000000  60.04457815
  0.12000000  68.63341327
  0.12000000  78.45080376
  0.12000000  89.67248338
  0.12000000 102.49932301
  0.12000000 117.16092631
  0.12000000 133.91973968
  0.12000000 153.07575008
  0.12000000 174.97185493
  0.10000000 200.00000000
  0.25000000   0.25000000
  0.28576024   0.28576024
  0.32663567   0.32663567
  0.37335795   0.37335795
  0.42676344   0.42676344
  0.48780810   0.48780810
  0.55758465   0.55758465
  0.63734210   0.63734210
  0.66469191   0.72850814
  0.67372281   0.83271465
  0.69484483   0.95182697
  0.71088209   1.08797723
  0.72925806   1.24360255
  0.75231445   1.42148868
  0.77535547   1.62481981
  0.80143909   1.85723562
  0.82645430   2.12289642
  0.85287501   2.42655760
  0.88213599   2.77365477
  0.91068696   3.17040105
  0.94243177   3.62389832
  0.97871739   4.14226427
  1.01426820   4.73477780
  1.05490423   5.41204505
  1.10135288   6.18618926
  1.15002121   7.07106781
  1.20565109   8.08252026
  1.26923833   9.23865185
  1.34192115  10.56015764
  1.41744791  12.07069291
  1.51241111  13.79729661
  1.62095795  15.77087540
  1.73375202  18.02675683
  1.87557309  20.60532174
  2.03768038  23.55272709
  2.20613064  26.92173218
  2.41793073  30.77264306
  2.66002693  35.17439198
  2.91159590  40.20577138
  3.22790490  45.95684420
  3.58945905  52.53055609
  3.96516016  60.04457815
  4.43754609  68.63341327
  4.97750257  78.45080376
  5.53858655  89.67248338
  6.24406273 102.49932301
  7.05045091 117.16092631
  7.88839158 133.91973968
  8.94197215 153.07575008
 10.14625792 174.97185493
 11.52280589 200.00000000
  1.25835477   0.25000000
  1.28259135   0.28576024
  1.30457375   0.32663567
  1.32443263   0.37335795
  1.34230890   0.42676344
  1.35834860   0.48780810
  1.37269879   0.55758465
  1.38550416   0.63734210
  1.39761834   0.72850814
  1.41146559   0.83271465
  1.42680691   0.95182697
  1.44388932   1.08797723
  1.46290926   1.24360255
  1.48403873   1.42148868
  1.50747813   1.62481981
  1.53345926   1.85723562
  1.56228874   2.12289642
  1.59443001   2.42655760
  1.63038358   2.77365477
  1.67071659   3.17040105
  1.71607654   3.62389832
  1.76721026   4.14226427
  1.82497968   4.73477780
  1.89038869   5.41204505
  1.96459761   6.18618926
  2.04895619   7.07106781
  2.14502317   8.08252026
  2.25458588   9.23865185
  2.37967685  10.56015764
  2.52258906  12.07069291
  2.68592198  13.79729661
  2.87260671  15.77087540
  3.08598204  18.02675683
  3.32990961  20.60532174
  3.60867654  23.55272709
  3.92739889  26.92173218
  4.29162996  30.77264306
  4.70793886  35.17439198
  5.18396046  40.20577138
  5.72802270  45.95684420
  6.34963019  52.53055609
  7.06021702  60.04457815
  7.87278246  68.63341327
  8.80168691  78.45080376
  9.86336404  89.67248338
 11.07670395 102.49932301
 12.46335413 117.16092631
 14.04826604 133.91973968
 15.85947310 153.07575008
 17.93022289 174.97185493
 20.29205690 200.00000000
