  1.00000000   0.25000000
  1.00000000   0.28576024
  1.00000000   0.32663567
  1.00000000   0.37335795
  1.00000000   0.42676344
  1.00000000   0.48780810
  1.00000000   0.55758465
  1.00000000   0.63734210
  1.00000000   0.72850814
  1.00000000   0.83271465
  1.00000000   0.95182697
  1.00000000   1.08797723
  1.00000000   1.24360255
  1.00000000   1.42148868
  0.98000000   1.62481981
  0.84000000   1.85723562
  0.72000000   2.12289642
  0.64000000   2.42655760
  0.56000000   2.77365477
  0.48000000   3.17040105
  0.44000000   3.62389832
  0.38000000   4.14226427
  0.34000000   4.73477780
  0.30000000   5.41204505
  0.28000000   6.18618926
  0.26000000   7.07106781
  0.24000000   8.08252026
  0.22000000   9.23865185
  0.20000000  10.56015764
  0.18000000  12.07069291
  0.18000000  13.79729661
  0.16000000  15.77087540
  0.16000000  18.02675683
  0.14000000  20.60532174
  0.14000000  23.55272709
  0.14000000  26.92173218
  0.14000000  30.77264306
  0.12000000  35.17439198
  0.12000000  40.20577138
  0.12000000  45.95684420
  0.12000000  52.53055609
  0.12000000  60.04457815
  0.12000000  68.63341327
  0.12000000  78.45080376
  0.12000000  89.67248338
  0.12000000 102.49932301
  0.10000000 117.16092631
  0.10000000 133.91973968
  0.10000000 153.07575008
  0.10000000 174.97185493
  0.10000000 200.00000000
  0.25000000   0.25000000
  0.28576024   0.28576024
  0.32663567   0.32663567
  0.37335795   0.37335795
  0.42676344   0.42676344
  0.48780810   0.48780810
  0.55758465   0.55758465
  0.63734210   0.63734210
  0.69204172   0.72850814
  0.70648148   0.83271465
  0.72480589   0.95182697
  0.74648365   1.08797723
  0.77086075   1.24360255
  0.79708812   1.42148868
  0.82739701   1.62481981
  0.85383813   1.85723562
  0.88448378   2.12289642
  0.91591540   2.42655760
  0.95012231   2.77365477
  0.98692331   3.17040105
  1.02619440   3.62389832
  1.07067838   4.14226427
  1.12132204   4.73477780
  1.17888975   5.41204505
  1.24469201   6.18618926
  1.31990669   7.07106781
  1.40588015   8.08252026
  1.50415133   9.23865185
  1.61647932  10.56015764
  1.74487482  12.07069291
  1.89163614  13.79729661
  2.04952244  15.77087540
  2.24127236  18.02675683
  2.46045038  20.60532174
  2.71097983  23.55272709
  2.99734527  26.92173218
  3.32467269  30.77264306
  3.69882135  35.17439198
  4.12648860  40.20577138
  4.61532979  45.95684420
  5.17409530  52.53055609
  5.77521706  60.04457815
  6.50526805  68.63341327
  7.33974624  78.45080376
  8.29358901  89.67248338
  9.38387038 102.49932301
 10.63010666 117.16092631
 12.05460579 133.91973968
 13.68286668 153.07575008
 15.54403559 174.97185493
 17.67142792 200.00000000
  1.84765478   0.25000000
  1.90038284   0.28576024
  1.94904382   0.32663567
  1.99370591   0.37335795
  2.03449195   0.42676344
  2.07156752   0.48780810
  2.10512960   0.55758465
  2.13539639   0.63734210
  2.16341501   0.72850814
  2.19394342   0.83271465
  2.22814086   0.95182697
  2.26626400   1.08797723
  2.30871841   1.24360255
  2.35593444   1.42148868
  2.40842536   1.62481981
  2.46704264   1.85723562
  2.53285093   2.12289642
  2.60702632   2.42655760
  2.69092388   2.77365477
  2.78610861   3.17040105
  2.89438388   3.62389832
  3.01781164   4.14226427
  3.15870934   4.73477780
  3.31968589   5.41204505
  3.50367616   6.18618926
  3.71397124   7.07106781
  3.95434859   8.08252026
  4.22911421   9.23865185
  4.54318183  10.56015764
  4.90217095  12.07069291
  5.31249297  13.79729661
  5.78151618  15.77087540
  6.31767529  18.02675683
  6.93038054  20.60532174
  7.63089675  23.55272709
  8.43167850  26.92173218
  9.34673944  30.77264306
 10.39255776  35.17439198
 11.58837488  40.20577138
 12.95543604  45.95684420
 14.51788634  52.53055609
 16.30363300  60.04457815
 18.34464663  68.63341327
 20.67744784  78.45080376
 23.34379279  89.67248338
 26.39135416 102.49932301
 29.87502867 117.16092631
 33.85775959 133.91973968
 38.41053066 153.07575008
 43.61446056 174.97185493
 49.56269944 200.00000000
