  1.00000000   0.25000000
  1.00000000   0.28576024
  1.00000000   0.32663567
  1.00000000   0.37335795
  1.00000000   0.42676344
  1.00000000   0.48780810
  1.00000000   0.55758465
  1.00000000   0.63734210
  1.00000000   0.72850814
  1.00000000   0.83271465
  1.00000000   0.95182697
  1.00000000   1.08797723
  1.00000000   1.24360255
  1.00000000   1.42148868
  1.00000000   1.62481981
  1.00000000   1.85723562
  0.92000000   2.12289642
  0.80000000   2.42655760
  0.70000000   2.77365477
  0.62000000   3.17040105
  0.56000000   3.62389832
  0.50000000   4.14226427
  0.44000000   4.73477780
  0.40000000   5.41204505
  0.38000000   6.18618926
  0.34000000   7.07106781
  0.32000000   8.08252026
  0.28000000   9.23865185
  0.26000000  10.56015764
  0.26000000  12.07069291
  0.24000000  13.79729661
  0.22000000  15.77087540
  0.20000000  18.02675683
  0.20000000  20.60532174
  0.18000000  23.55272709
  0.18000000  26.92173218
  0.18000000  30.77264306
  0.16000000  35.17439198
  0.16000000  40.20577138
  0.16000000  45.95684420
  0.14000000  52.53055609
  0.14000000  60.04457815
  0.14000000  68.63341327
  0.14000000  78.45080376
  0.14000000  89.67248338
  0.16000000 102.49932301
  0.16000000 117.16092631
  0.16000000 133.91973968
  0.16000000 153.07575008
  0.14000000 174.97185493
  0.12000000 200.00000000
  0.24975000   0.25000000
  0.28551024   0.28576024
  0.32638567   0.32663567
  0.37310795   0.37335795
  0.42651344   0.42676344
  0.47229694   0.48780810
  0.47578576   0.55758465
  0.48376151   0.63734210
  0.48831981   0.72850814
  0.49611295   0.83271465
  0.50299251   0.95182697
  0.51260759   1.08797723
  0.52172140   1.24360255
  0.53105161   1.42148868
  0.54325147   1.62481981
  0.55487227   1.85723562
  0.56815531   2.12289642
  0.58333836   2.42655760
  0.59895774   2.77365477
  0.61681132   3.17040105
  0.63721870   3.62389832
  0.66054516   4.14226427
  0.68720827   4.73477780
  0.71429896   5.41204505
  0.74913545   6.18618926
  0.78453059   7.07106781
  0.82498869   8.08252026
  0.87123396   9.23865185
  0.92409419  10.56015764
  0.98451560  12.07069291
  1.04494673  13.79729661
  1.12388988  15.77087540
  1.20284573  18.02675683
  1.29309550  20.60532174
  1.41099172  23.55272709
  1.52890689  26.92173218
  1.66368877  30.77264306
  1.81774999  35.17439198
  1.99384827  40.20577138
  2.19513581  45.95684420
  2.42521573  52.53055609
  2.72577661  60.04457815
  3.06933002  68.63341327
  3.51111259  78.45080376
  4.12830497  89.67248338
  4.96204955 102.49932301
  6.06166979 117.16092631
  7.73755113 133.91973968
  9.65315217 153.07575008
 11.84276265 174.97185493
 14.34557716 200.00000000
  0.59808452   0.25000000
  0.60351509   0.28576024
  0.60834646   0.32663567
  0.61263622   0.37335795
  0.61643840   0.42676344
  0.61983073   0.48780810
  0.62342274   0.55758465
  0.62748874   0.63734210
  0.63208781   0.72850814
  0.63728587   0.83271465
  0.64315685   0.95182697
  0.64978276   1.08797723
  0.65725606   1.24360255
  0.66568282   1.42148868
  0.67518449   1.62481981
  0.68589467   1.85723562
  0.69796954   2.12289642
  0.71161911   2.42655760
  0.72704260   2.77365477
  0.74445811   3.17040105
  0.76410924   3.62389832
  0.78626959   4.14226427
  0.81124355   4.73477780
  0.83937449   5.41204505
  0.87104707   6.18618926
  0.90669650   7.07106781
  0.94680813   8.08252026
  0.99193541   9.23865185
  1.04270381  10.56015764
  1.09982161  12.07069291
  1.16409255  13.79729661
  1.23642395  15.77087540
  1.31784308  18.02675683
  1.40953994  20.60532174
  1.51282013  23.55272709
  1.62919631  26.92173218
  1.76029790  30.77264306
  1.90794431  35.17439198
  2.07396898  40.20577138
  2.26007565  45.95684420
  2.46747488  52.53055609
  2.69613328  60.04457815
  2.94349388  68.63341327
  3.20299552  78.45080376
  3.46300678  89.67248338
  3.70792606 102.49932301
  3.92225800 117.16092631
  4.09543188 133.91973968
  4.22356623 153.07575008
  4.30659769 174.97185493
  4.34897258 200.00000000
