  1.00000000   0.25000000
  1.00000000   0.28576024
  1.00000000   0.32663567
  1.00000000   0.37335795
  1.00000000   0.42676344
  1.00000000   0.48780810
  1.00000000   0.55758465
  1.00000000   0.63734210
  1.00000000   0.72850814
  1.00000000   0.83271465
  1.00000000   0.95182697
  1.00000000   1.08797723
  1.00000000   1.24360255
  1.00000000   1.42148868
  1.00000000   1.62481981
  1.00000000   1.85723562
  0.96000000   2.12289642
  0.84000000   2.42655760
  0.74000000   2.77365477
  0.64000000   3.17040105
  0.58000000   3.62389832
  0.52000000   4.14226427
  0.46000000   4.73477780
  0.42000000   5.41204505
  0.38000000   6.18618926
  0.36000000   7.07106781
  0.32000000   8.08252026
  0.30000000   9.23865185
  0.28000000  10.56015764
  0.26000000  12.07069291
  0.24000000  13.79729661
  0.22000000  15.77087540
  0.22000000  18.02675683
  0.20000000  20.60532174
  0.20000000  23.55272709
  0.18000000  26.92173218
  0.18000000  30.77264306
  0.16000000  35.17439198
  0.16000000  40.20577138
  0.16000000  45.95684420
  0.16000000  52.53055609
  0.14000000  60.04457815
  0.14000000  68.63341327
  0.14000000  78.45080376
  0.14000000  89.67248338
  0.16000000 102.49932301
  0.16000000 117.16092631
  0.16000000 133.91973968
  0.16000000 153.07575008
  0.16000000 174.97185493
  0.12000000 200.00000000
  0.24975000   0.25000000
  0.28551024   0.28576024
  0.32638567   0.32663567
  0.37310795   0.37335795
  0.42651344   0.42676344
  0.48755810   0.48780810
  0.49453575   0.55758465
  0.49852363   0.63734210
  0.50764023   0.72850814
  0.51325640   0.83271465
  0.52069597   0.95182697
  0.52915911   1.08797723
  0.53935427   1.24360255
  0.55041246   1.42148868
  0.56159567   1.62481981
  0.57437854   1.85723562
  0.58766158   2.12289642
  0.60284464   2.42655760
  0.61846402   2.77365477
  0.63631760   3.17040105
  0.65672498   3.62389832
  0.68005144   4.14226427
  0.70671455   4.73477780
  0.73380524   5.41204505
  0.76864173   6.18618926
  0.80403687   7.07106781
  0.84449497   8.08252026
  0.89074024   9.23865185
  0.94360047  10.56015764
  1.00402188  12.07069291
  1.06445301  13.79729661
  1.14339616  15.77087540
  1.22235201  18.02675683
  1.31260178  20.60532174
  1.41576097  23.55272709
  1.53367615  26.92173218
  1.66845803  30.77264306
  1.82251924  35.17439198
  1.99861752  40.20577138
  2.19990507  45.95684420
  2.42998498  52.53055609
  2.73054586  60.04457815
  3.07409927  68.63341327
  3.51588184  78.45080376
  4.07696582  89.67248338
  4.84657620 102.49932301
  5.94619645 117.16092631
  7.45448965 133.91973968
  9.37009069 153.07575008
 11.55970118 174.97185493
 14.06251568 200.00000000
  0.61504327   0.25000000
  0.62078766   0.28576024
  0.62590070   0.32663567
  0.63044252   0.37335795
  0.63446966   0.42676344
  0.63803471   0.48780810
  0.64157551   0.55758465
  0.64558242   0.63734210
  0.65011444   0.72850814
  0.65523601   0.83271465
  0.66101953   0.95182697
  0.66754611   1.08797723
  0.67490586   1.24360255
  0.68320119   1.42148868
  0.69255091   1.62481981
  0.70308782   1.85723562
  0.71495835   2.12289642
  0.72836432   2.42655760
  0.74351216   2.77365477
  0.76061587   3.17040105
  0.77991471   3.62389832
  0.80167529   4.14226427
  0.82619624   4.73477780
  0.85381249   5.41204505
  0.88489893   6.18618926
  0.91987784   7.07106781
  0.95922662   8.08252026
  1.00348000   9.23865185
  1.05324449  10.56015764
  1.10920555  12.07069291
  1.17213717  13.79729661
  1.24291649  15.77087540
  1.32254838  18.02675683
  1.41215383  20.60532174
  1.51300210  23.55272709
  1.62652567  26.92173218
  1.75428494  30.77264306
  1.89796299  35.17439198
  2.05931229  40.20577138
  2.23987867  45.95684420
  2.44074373  52.53055609
  2.66185919  60.04457815
  2.90097747  68.63341327
  3.15229374  78.45080376
  3.40559936  89.67248338
  3.64701554 102.49932301
  3.86205128 117.16092631
  4.03981899 133.91973968
  4.17494829 153.07575008
  4.26527770 174.97185493
  4.31303986 200.00000000
