  1.00000000   0.25000000
  1.00000000   0.28576024
  1.00000000   0.32663567
  1.00000000   0.37335795
  1.00000000   0.42676344
  1.00000000   0.48780810
  1.00000000   0.55758465
  1.00000000   0.63734210
  1.00000000   0.72850814
  1.00000000   0.83271465
  1.00000000   0.95182697
  1.00000000   1.08797723
  1.00000000   1.24360255
  1.00000000   1.42148868
  1.00000000   1.62481981
  0.96000000   1.85723562
  0.84000000   2.12289642
  0.74000000   2.42655760
  0.64000000   2.77365477
  0.58000000   3.17040105
  0.50000000   3.62389832
  0.46000000   4.14226427
  0.40000000   4.73477780
  0.36000000   5.41204505
  0.32000000   6.18618926
  0.30000000   7.07106781
  0.26000000   8.08252026
  0.24000000   9.23865185
  0.22000000  10.56015764
  0.20000000  12.07069291
  0.20000000  13.79729661
  0.18000000  15.77087540
  0.18000000  18.02675683
  0.16000000  20.60532174
  0.16000000  23.55272709
  0.14000000  26.92173218
  0.14000000  30.77264306
  0.14000000  35.17439198
  0.14000000  40.20577138
  0.12000000  45.95684420
  0.12000000  52.53055609
  0.12000000  60.04457815
  0.12000000  68.63341327
  0.12000000  78.45080376
  0.12000000  89.67248338
  0.12000000 102.49932301
  0.12000000 117.16092631
  0.12000000 133.91973968
  0.10000000 153.07575008
  0.10000000 174.97185493
  0.10000000 200.00000000
  0.25000000   0.25000000
  0.28576024   0.28576024
  0.32663567   0.32663567
  0.37335795   0.37335795
  0.42676344   0.42676344
  0.48780810   0.48780810
  0.55758465   0.55758465
  0.63734210   0.63734210
  0.68292512   0.72850814
  0.69235309   0.83271465
  0.71006214   0.95182697
  0.73093720   1.08797723
  0.75040504   1.24360255
  0.77507327   1.42148868
  0.80009679   1.62481981
  0.82914382   1.85723562
  0.85629392   2.12289642
  0.88649806   2.42655760
  0.91609384   2.77365477
  0.94974506   3.17040105
  0.98548302   3.62389832
  1.02436047   4.14226427
  1.06583642   4.73477780
  1.11324512   5.41204505
  1.16356450   6.18618926
  1.22550600   7.07106781
  1.29125041   8.08252026
  1.37217962   9.23865185
  1.45807749  10.56015764
  1.56381496  12.07069291
  1.67604420  13.79729661
  1.80432682  15.77087540
  1.96223852  18.02675683
  2.12984524  20.60532174
  2.33616362  23.55272709
  2.55514895  26.92173218
  2.80545816  30.77264306
  3.11358058  35.17439198
  3.44062024  40.20577138
  3.84319534  45.95684420
  4.27048661  52.53055609
  4.75889805  60.04457815
  5.36011650  68.63341327
  5.99824689  78.45080376
  6.78376446  89.67248338
  7.61750904 102.49932301
  8.64382127 117.16092631
  9.73314414 133.91973968
 10.97828481 153.07575008
 12.51101215 174.97185493
 14.26298231 200.00000000
  1.53006841   0.25000000
  1.56605136   0.28576024
  1.59894854   0.32663567
  1.62888365   0.37335795
  1.65600722   0.42676344
  1.68048829   0.48780810
  1.70250718   0.55758465
  1.72224931   0.63734210
  1.74058518   0.72850814
  1.76097868   0.83271465
  1.78382403   0.95182697
  1.80927204   1.08797723
  1.83760087   1.24360255
  1.86908214   1.42148868
  1.90402598   1.62481981
  1.94282790   1.85723562
  1.98612181   2.12289642
  2.03462859   2.42655760
  2.08915928   2.77365477
  2.15064289   3.17040105
  2.22015710   3.62389832
  2.29894904   4.14226427
  2.38846848   4.73477780
  2.49038494   5.41204505
  2.60661141   6.18618926
  2.73931810   7.07106781
  2.89093775   8.08252026
  3.06423585   9.23865185
  3.26231149  10.56015764
  3.48871073  12.07069291
  3.74750657  13.79729661
  4.04332499  15.77087540
  4.38142428  18.02675683
  4.76793251  20.60532174
  5.20970159  23.55272709
  5.71458390  26.92173218
  6.29184797  30.77264306
  6.95169617  35.17439198
  7.70565086  40.20577138
  8.56741728  45.95684420
  9.55283133  52.53055609
 10.67933867  60.04457815
 11.96687083  68.63341327
 13.43835512  78.45080376
 15.12014453  89.67248338
 17.04232924 102.49932301
 19.23927229 117.16092631
 21.75033649 133.91973968
 24.62083831 153.07575008
 27.90268955 174.97185493
 31.65359908 200.00000000
