  1.00000000   0.25000000
  1.00000000   0.28576024
  1.00000000   0.32663567
  1.00000000   0.37335795
  1.00000000   0.42676344
  1.00000000   0.48780810
  1.00000000   0.55758465
  1.00000000   0.63734210
  1.00000000   0.72850814
  1.00000000   0.83271465
  1.00000000   0.95182697
  1.00000000   1.08797723
  1.00000000   1.24360255
  1.00000000   1.42148868
  1.00000000   1.62481981
  1.00000000   1.85723562
  0.90000000   2.12289642
  0.80000000   2.42655760
  0.70000000   2.77365477
  0.62000000   3.17040105
  0.56000000   3.62389832
  0.50000000   4.14226427
  0.44000000   4.73477780
  0.40000000   5.41204505
  0.36000000   6.18618926
  0.32000000   7.07106781
  0.30000000   8.08252026
  0.26000000   9.23865185
  0.24000000  10.56015764
  0.22000000  12.07069291
  0.22000000  13.79729661
  0.20000000  15.77087540
  0.18000000  18.02675683
  0.18000000  20.60532174
  0.16000000  23.55272709
  0.16000000  26.92173218
  0.14000000  30.77264306
  0.14000000  35.17439198
  0.14000000  40.20577138
  0.14000000  45.95684420
  0.12000000  52.53055609
  0.12000000  60.04457815
  0.12000000  68.63341327
  0.12000000  78.45080376
  0.12000000  89.67248338
  0.12000000 102.49932301
  0.12000000 117.16092631
  0.12000000 133.91973968
  0.12000000 153.07575008
  0.10000000 174.97185493
  0.10000000 200.00000000
  0.25000000   0.25000000
  0.28576024   0.28576024
  0.32663567   0.32663567
  0.37335795   0.37335795
  0.42676344   0.42676344
  0.48780810   0.48780810
  0.55758465   0.55758465
  0.63734210   0.63734210
  0.67380851   0.72850814
  0.68303795   0.83271465
  0.70034128   0.95182697
  0.71661794   1.08797723
  0.73904384   1.24360255
  0.75944579   1.42148868
  0.78606579   1.62481981
  0.81094439   1.85723562
  0.83740860   2.12289642
  0.86591085   2.42655760
  0.89577954   2.77365477
  0.92557246   3.17040105
  0.95970107   3.62389832
  0.99598669   4.14226427
  1.03450007   4.73477780
  1.07852244   5.41204505
  1.12497109   6.18618926
  1.17806381   7.07106781
  1.23875095   8.08252026
  1.30233819   9.23865185
  1.38162854  10.56015764
  1.47226065  12.07069291
  1.56722386  13.79729661
  1.68563859  15.77087540
  1.82099147  18.02675683
  1.96281254  20.60532174
  2.13965686  23.55272709
  2.34179717  26.92173218
  2.55359727  30.77264306
  2.81770220  35.17439198
  3.11958497  40.20577138
  3.43589397  45.95684420
  3.83031668  52.53055609
  4.28115801  60.04457815
  4.75354394  68.63341327
  5.34258737  78.45080376
  6.01588815  89.67248338
  6.72136433 102.49932301
  7.60106052 117.16092631
  8.60658933 133.91973968
  9.66016990 153.07575008
 10.97393619 174.97185493
 12.47562489 200.00000000
  1.35779270   0.25000000
  1.38605409   0.28576024
  1.41176158   0.32663567
  1.43504698   0.37335795
  1.45605762   0.42676344
  1.47495008   0.48780810
  1.49188502   0.55758465
  1.50702287   0.63734210
  1.52119490   0.72850814
  1.53724544   0.83271465
  1.55513001   0.95182697
  1.57504071   1.08797723
  1.59720599   1.24360255
  1.62183195   1.42148868
  1.64915372   1.62481981
  1.67945237   1.85723562
  1.71313153   2.12289642
  1.75075216   2.42655760
  1.79291029   2.77365477
  1.84028993   3.17040105
  1.89367569   3.62389832
  1.95397538   4.14226427
  2.02224197   4.73477780
  2.09969868   5.41204505
  2.18776408   6.18618926
  2.28807312   7.07106781
  2.40249767   8.08252026
  2.53315743   9.23865185
  2.68246195  10.56015764
  2.85309593  12.07069291
  3.04812989  13.79729661
  3.27106860  15.77087540
  3.52589963  18.02675683
  3.81715446  20.60532174
  4.15010996  23.55272709
  4.53068011  26.92173218
  4.96559052  30.77264306
  5.46287348  35.17439198
  6.03131571  40.20577138
  6.68083322  45.95684420
  7.42314951  52.53055609
  8.27198208  60.04457815
  9.24244731  68.63341327
 10.35164195  78.45080376
 11.61929194  89.67248338
 13.06808963 102.49932301
 14.72392398 117.16092631
 16.61643994 133.91973968
 18.77940407 153.07575008
 21.25230050 174.97185493
 24.07575549 200.00000000
