  1.00000000   0.25000000
  1.00000000   0.28576024
  1.00000000   0.32663567
  1.00000000   0.37335795
  1.00000000   0.42676344
  1.00000000   0.48780810
  1.00000000   0.55758465
  1.00000000   0.63734210
  1.00000000   0.72850814
  1.00000000   0.83271465
  1.00000000   0.95182697
  1.00000000   1.08797723
  1.00000000   1.24360255
  1.00000000   1.42148868
  1.00000000   1.62481981
  1.00000000   1.85723562
  0.86000000   2.12289642
  0.76000000   2.42655760
  0.66000000   2.77365477
  0.60000000   3.17040105
  0.52000000   3.62389832
  0.48000000   4.14226427
  0.44000000   4.73477780
  0.40000000   5.41204505
  0.36000000   6.18618926
  0.32000000   7.07106781
  0.30000000   8.08252026
  0.28000000   9.23865185
  0.26000000  10.56015764
  0.24000000  12.07069291
  0.22000000  13.79729661
  0.22000000  15.77087540
  0.20000000  18.02675683
  0.20000000  20.60532174
  0.18000000  23.55272709
  0.18000000  26.92173218
  0.16000000  30.77264306
  0.16000000  35.17439198
  0.16000000  40.20577138
  0.16000000  45.95684420
  0.14000000  52.53055609
  0.14000000  60.04457815
  0.14000000  68.63341327
  0.14000000  78.45080376
  0.14000000  89.67248338
  0.14000000 102.49932301
  0.16000000 117.16092631
  0.16000000 133.91973968
  0.14000000 153.07575008
  0.14000000 174.97185493
  0.12000000 200.00000000
  0.24975000   0.25000000
  0.28551024   0.28576024
  0.32638567   0.32663567
  0.37310795   0.37335795
  0.42651344   0.42676344
  0.45703577   0.48780810
  0.46401342   0.55758465
  0.46800130   0.63734210
  0.47255960   0.72850814
  0.48226402   0.83271465
  0.48869119   0.95182697
  0.49752766   1.08797723
  0.50701103   1.24360255
  0.51768420   1.42148868
  0.52886741   1.62481981
  0.54165028   1.85723562
  0.55360501   2.12289642
  0.56878807   2.42655760
  0.58440745   2.77365477
  0.60226103   3.17040105
  0.62266841   3.62389832
  0.64599487   4.14226427
  0.67265798   4.73477780
  0.70313501   5.41204505
  0.73410078   6.18618926
  0.77392031   7.07106781
  0.81437841   8.08252026
  0.86062367   9.23865185
  0.91348391  10.56015764
  0.97390532  12.07069291
  1.04296946  13.79729661
  1.11204472  15.77087540
  1.20227998  18.02675683
  1.29252975  20.60532174
  1.39568894  23.55272709
  1.51360412  26.92173218
  1.64838600  30.77264306
  1.80244721  35.17439198
  1.97854549  40.20577138
  2.17983304  45.95684420
  2.40991295  52.53055609
  2.71047384  60.04457815
  3.05402724  68.63341327
  3.49580981  78.45080376
  4.11300219  89.67248338
  4.94674677 102.49932301
  6.19298305 117.16092631
  7.86886438 133.91973968
  9.78446542 153.07575008
 11.97407591 174.97185493
 14.47689042 200.00000000
  0.58991618   0.25000000
  0.59519877   0.28576024
  0.59989739   0.32663567
  0.60406841   0.37335795
  0.60776466   0.42676344
  0.61113768   0.48780810
  0.61484524   0.55758465
  0.61904201   0.63734210
  0.62378873   0.72850814
  0.62915540   0.83271465
  0.63521633   0.95182697
  0.64205675   1.08797723
  0.64977366   1.24360255
  0.65847867   1.42148868
  0.66829652   1.62481981
  0.67936318   1.85723562
  0.69185573   2.12289642
  0.70598189   2.42655760
  0.72194363   2.77365477
  0.73996766   3.17040105
  0.76030681   3.62389832
  0.78324542   4.14226427
  0.80910013   4.73477780
  0.83822975   5.41204505
  0.87103590   6.18618926
  0.90796913   7.07106781
  0.94954397   8.08252026
  0.99633536   9.23865185
  1.04899871  10.56015764
  1.10827654  12.07069291
  1.17501287  13.79729661
  1.25017895  15.77087540
  1.33485446  18.02675683
  1.43028876  20.60532174
  1.53789826  23.55272709
  1.65927631  26.92173218
  1.79621705  30.77264306
  1.95072505  35.17439198
  2.12487427  40.20577138
  2.32074554  45.95684420
  2.54005266  52.53055609
  2.78326841  60.04457815
  3.04833968  68.63341327
  3.32871603  78.45080376
  3.61152139  89.67248338
  3.87823766 102.49932301
  4.10987960 117.16092631
  4.29378290 133.91973968
  4.42613225 153.07575008
  4.50896226 174.97185493
  4.54951333 200.00000000
