  1.00000000   0.25000000
  1.00000000   0.28576024
  1.00000000   0.32663567
  1.00000000   0.37335795
  1.00000000   0.42676344
  1.00000000   0.48780810
  1.00000000   0.55758465
  1.00000000   0.63734210
  1.00000000   0.72850814
  1.00000000   0.83271465
  1.00000000   0.95182697
  1.00000000   1.08797723
  1.00000000   1.24360255
  1.00000000   1.42148868
  1.00000000   1.62481981
  1.00000000   1.85723562
  0.88000000   2.12289642
  0.76000000   2.42655760
  0.68000000   2.77365477
  0.60000000   3.17040105
  0.54000000   3.62389832
  0.48000000   4.14226427
  0.44000000   4.73477780
  0.40000000   5.41204505
  0.36000000   6.18618926
  0.34000000   7.07106781
  0.30000000   8.08252026
  0.28000000   9.23865185
  0.26000000  10.56015764
  0.24000000  12.07069291
  0.24000000  13.79729661
  0.22000000  15.77087540
  0.20000000  18.02675683
  0.20000000  20.60532174
  0.18000000  23.55272709
  0.18000000  26.92173218
  0.16000000  30.77264306
  0.16000000  35.17439198
  0.16000000  40.20577138
  0.16000000  45.95684420
  0.14000000  52.53055609
  0.14000000  60.04457815
  0.14000000  68.63341327
  0.14000000  78.45080376
  0.14000000  89.67248338
  0.14000000 102.49932301
  0.16000000 117.16092631
  0.16000000 133.91973968
  0.16000000 153.07575008
  0.14000000 174.97185493
  0.12000000 200.00000000
  0.24975000   0.25000000
  0.28551024   0.28576024
  0.32638567   0.32663567
  0.37310795   0.37335795
  0.42651344   0.42676344
  0.46008800   0.48780810
  0.46706566   0.55758465
  0.47105353   0.63734210
  0.47561183   0.72850814
  0.48298985   0.83271465
  0.49159102   0.95182697
  0.50058537   1.08797723
  0.50891374   1.24360255
  0.51968052   1.42148868
  0.53086373   1.62481981
  0.54364660   1.85723562
  0.55692964   2.12289642
  0.57059439   2.42655760
  0.58794925   2.77365477
  0.60580283   3.17040105
  0.62621021   3.62389832
  0.64953668   4.14226427
  0.67619979   4.73477780
  0.70329048   5.41204505
  0.73812697   6.18618926
  0.77352211   7.07106781
  0.81398021   8.08252026
  0.86022547   9.23865185
  0.91308570  10.56015764
  0.97350711  12.07069291
  1.04257126  13.79729661
  1.11164652  15.77087540
  1.20188178  18.02675683
  1.29213155  20.60532174
  1.39529073  23.55272709
  1.51320591  26.92173218
  1.64798779  30.77264306
  1.80204901  35.17439198
  1.97814728  40.20577138
  2.17943483  45.95684420
  2.40951475  52.53055609
  2.71007563  60.04457815
  3.05362904  68.63341327
  3.49541161  78.45080376
  4.11260399  89.67248338
  4.94634856 102.49932301
  6.11927683 117.16092631
  7.79515816 133.91973968
  9.71075921 153.07575008
 11.90036969 174.97185493
 14.40318420 200.00000000
  0.59050319   0.25000000
  0.59579634   0.28576024
  0.60050443   0.32663567
  0.60468393   0.37335795
  0.60838775   0.42676344
  0.61174971   0.48780810
  0.61542334   0.55758465
  0.61958214   0.63734210
  0.62428584   0.72850814
  0.62960328   0.83271465
  0.63560918   0.95182697
  0.64238733   1.08797723
  0.65003357   1.24360255
  0.65865824   1.42148868
  0.66838506   1.62481981
  0.67934926   1.85723562
  0.69172231   2.12289642
  0.70571280   2.42655760
  0.72152170   2.77365477
  0.73937304   3.17040105
  0.75951693   3.62389832
  0.78223445   4.14226427
  0.80783963   4.73477780
  0.83668625   5.41204505
  0.86917155   6.18618926
  0.90574087   7.07106781
  0.94690293   8.08252026
  0.99322551   9.23865185
  1.04535519  10.56015764
  1.10402512  12.07069291
  1.17006990  13.79729661
  1.24444454  15.77087540
  1.32821333  18.02675683
  1.42260914  20.60532174
  1.52901988  23.55272709
  1.64901662  26.92173218
  1.78434883  30.77264306
  1.93697807  35.17439198
  2.10890174  40.20577138
  2.30209430  45.95684420
  2.51811434  52.53055609
  2.75724995  60.04457815
  3.01721908  68.63341327
  3.29133668  78.45080376
  3.56693492  89.67248338
  3.82626897 102.49932301
  4.05151929 117.16092631
  4.23086695 133.91973968
  4.36068008 153.07575008
  4.44257690 174.97185493
  4.48306081 200.00000000
