  1.00000000   0.25000000
  1.00000000   0.28576024
  1.00000000   0.32663567
  1.00000000   0.37335795
  1.00000000   0.42676344
  1.00000000   0.48780810
  1.00000000   0.55758465
  1.00000000   0.63734210
  1.00000000   0.72850814
  1.00000000   0.83271465
  1.00000000   0.95182697
  1.00000000   1.08797723
  1.00000000   1.24360255
  1.00000000   1.42148868
  1.00000000   1.62481981
  1.00000000   1.85723562
  0.96000000   2.12289642
  0.84000000   2.42655760
  0.74000000   2.77365477
  0.66000000   3.17040105
  0.60000000   3.62389832
  0.54000000   4.14226427
  0.48000000   4.73477780
  0.44000000   5.41204505
  0.38000000   6.18618926
  0.36000000   7.07106781
  0.32000000   8.08252026
  0.30000000   9.23865185
  0.26000000  10.56015764
  0.24000000  12.07069291
  0.22000000  13.79729661
  0.20000000  15.77087540
  0.20000000  18.02675683
  0.18000000  20.60532174
  0.18000000  23.55272709
  0.16000000  26.92173218
  0.16000000  30.77264306
  0.14000000  35.17439198
  0.14000000  40.20577138
  0.14000000  45.95684420
  0.14000000  52.53055609
  0.12000000  60.04457815
  0.12000000  68.63341327
  0.12000000  78.45080376
  0.12000000  89.67248338
  0.12000000 102.49932301
  0.12000000 117.16092631
  0.12000000 133.91973968
  0.12000000 153.07575008
  0.12000000 174.97185493
  0.10000000 200.00000000
  0.25000000   0.25000000
  0.28576024   0.28576024
  0.32663567   0.32663567
  0.37335795   0.37335795
  0.42676344   0.42676344
  0.48780810   0.48780810
  0.55758465   0.55758465
  0.63734210   0.63734210
  0.66013361   0.72850814
  0.67353106   0.83271465
  0.69042032   0.95182697
  0.70626487   1.08797723
  0.72801439   1.24360255
  0.74769575   1.42148868
  0.77033444   1.62481981
  0.79813323   1.85723562
  0.82264449   2.12289642
  0.84918745   2.42655760
  0.87787746   2.77365477
  0.90645374   3.17040105
  0.93819854   3.62389832
  0.97189233   4.14226427
  1.01040571   4.73477780
  1.05104175   5.41204505
  1.09361968   6.18618926
  1.14228800   7.07106781
  1.19791788   8.08252026
  1.26150512   9.23865185
  1.32758041  10.56015764
  1.40310717  12.07069291
  1.49807038  13.79729661
  1.59674932  15.77087540
  1.72082279  18.02675683
  1.84975104  20.60532174
  1.99712131  23.55272709
  2.18241659  26.92173218
  2.37496213  30.77264306
  2.59504958  35.17439198
  2.87177544  40.20577138
  3.15932908  45.95684420
  3.52088324  52.53055609
  3.89658434  60.04457815
  4.32602610  68.63341327
  4.86598258  78.45080376
  5.42706656  89.67248338
  6.06840854 102.49932301
  6.87479672 117.16092631
  7.71273739 133.91973968
  8.76631796 153.07575008
  9.86112320 174.97185493
 11.23767118 200.00000000
  1.22950443   0.25000000
  1.25263219   0.28576024
  1.27359125   0.32663567
  1.29251123   0.37335795
  1.30953064   0.42676344
  1.32479210   0.48780810
  1.33843847   0.55758465
  1.35060978   0.63734210
  1.36217443   0.72850814
  1.37541324   0.83271465
  1.39005634   0.95182697
  1.40636450   1.08797723
  1.42452480   1.24360255
  1.44469854   1.42148868
  1.46707667   1.62481981
  1.49187927   1.85723562
  1.51938939   2.12289642
  1.55004168   2.42655760
  1.58431115   2.77365477
  1.62273549   3.17040105
  1.66592570   3.62389832
  1.71458507   4.14226427
  1.76952791   4.73477780
  1.83169504   5.41204505
  1.90218393   6.18618926
  1.98226386   7.07106781
  2.07340664   8.08252026
  2.17729653   9.23865185
  2.29587538  10.56015764
  2.43131918  12.07069291
  2.58609823  13.79729661
  2.76299930  15.77087540
  2.96520295  18.02675683
  3.19634695  20.60532174
  3.46051090  23.55272709
  3.76251898  26.92173218
  4.10769845  30.77264306
  4.50216569  35.17439198
  4.95322599  40.20577138
  5.46881948  45.95684420
  6.05790117  52.53055609
  6.73119964  60.04457815
  7.50113271  68.63341327
  8.38137019  78.45080376
  9.38746042  89.67248338
 10.53726820 102.49932301
 11.85130858 117.16092631
 13.35321223 133.91973968
 15.06949644 153.07575008
 17.03185410 174.97185493
 19.26910416 200.00000000
