  1.00000000   0.25000000
  1.00000000   0.28576024
  1.00000000   0.32663567
  1.00000000   0.37335795
  1.00000000   0.42676344
  1.00000000   0.48780810
  1.00000000   0.55758465
  1.00000000   0.63734210
  1.00000000   0.72850814
  1.00000000   0.83271465
  1.00000000   0.95182697
  1.00000000   1.08797723
  1.00000000   1.24360255
  1.00000000   1.42148868
  1.00000000   1.62481981
  1.00000000   1.85723562
  1.00000000   2.12289642
  0.90000000   2.42655760
  0.80000000   2.77365477
  0.72000000   3.17040105
  0.64000000   3.62389832
  0.58000000   4.14226427
  0.52000000   4.73477780
  0.46000000   5.41204505
  0.42000000   6.18618926
  0.38000000   7.07106781
  0.34000000   8.08252026
  0.32000000   9.23865185
  0.28000000  10.56015764
  0.26000000  12.07069291
  0.24000000  13.79729661
  0.22000000  15.77087540
  0.20000000  18.02675683
  0.20000000  20.60532174
  0.18000000  23.55272709
  0.18000000  26.92173218
  0.16000000  30.77264306
  0.16000000  35.17439198
  0.14000000  40.20577138
  0.14000000  45.95684420
  0.14000000  52.53055609
  0.14000000  60.04457815
  0.12000000  68.63341327
  0.12000000  78.45080376
  0.12000000  89.67248338
  0.12000000 102.49932301
  0.12000000 117.16092631
  0.12000000 133.91973968
  0.12000000 153.07575008
  0.12000000 174.97185493
  0.10000000 200.00000000
  0.25000000   0.25000000
  0.28576024   0.28576024
  0.32663567   0.32663567
  0.37335795   0.37335795
  0.42676344   0.42676344
  0.48780810   0.48780810
  0.55758465   0.55758465
  0.63734210   0.63734210
  0.65101701   0.72850814
  0.66411665   0.83271465
  0.68059587   0.95182697
  0.69986668   1.08797723
  0.71764294   1.24360255
  0.73664672   1.42148868
  0.75832293   1.62481981
  0.78236647   1.85723562
  0.80763247   2.12289642
  0.83321252   2.42655760
  0.86083101   2.77365477
  0.88860325   3.17040105
  0.91808057   3.62389832
  0.94918252   4.14226427
  0.98473334   4.73477780
  1.02198303   5.41204505
  1.06456097   6.18618926
  1.10880489   7.07106781
  1.15937752   8.08252026
  1.21718410   9.23865185
  1.27665186  10.56015764
  1.35217862  12.07069291
  1.42987579  13.79729661
  1.51868683  15.77087540
  1.62020150  18.02675683
  1.74912974  20.60532174
  1.88176298  23.55272709
  2.03336821  26.92173218
  2.20665920  30.77264306
  2.40473790  35.17439198
  2.65630687  40.20577138
  2.91510515  45.95684420
  3.21092218  52.53055609
  3.54905318  60.04457815
  3.93555076  68.63341327
  4.42642028  78.45080376
  4.93139587  89.67248338
  5.50860365 102.49932301
  6.16837580 117.16092631
  6.92252240 133.91973968
  7.88032292 153.07575008
  8.86564764 174.97185493
 10.11705489 200.00000000
  1.10937078   0.25000000
  1.12816521   0.28576024
  1.14513782   0.32663567
  1.16041088   0.37335795
  1.17411071   0.42676344
  1.18636420   0.48780810
  1.19729597   0.55758465
  1.20702630   0.63734210
  1.21649646   0.72850814
  1.22730525   0.83271465
  1.23923436   0.95182697
  1.25254267   1.08797723
  1.26736457   1.24360255
  1.28383081   1.42148868
  1.30209502   1.62481981
  1.32233103   1.85723562
  1.34475058   2.12289642
  1.36966024   2.42655760
  1.39745138   2.77365477
  1.42854289   3.17040105
  1.46341341   3.62389832
  1.50260862   4.14226427
  1.54675838   4.73477780
  1.59658759   5.41204505
  1.65293661   6.18618926
  1.71677924   7.07106781
  1.78924687   8.08252026
  1.87164963   9.23865185
  1.96550254  10.56015764
  2.07254409  12.07069291
  2.19474731  13.79729661
  2.33435763  15.77087540
  2.49390369  18.02675683
  2.67625903  20.60532174
  2.88471947  23.55272709
  3.12294974  26.92173218
  3.39532443  30.77264306
  3.70661662  35.17439198
  4.06236846  40.20577138
  4.46916655  45.95684420
  4.93415789  52.53055609
  5.46539299  60.04457815
  6.07259017  68.63341327
  6.76697284  78.45080376
  7.56084287  89.67248338
  8.46823280 102.49932301
  9.50514321 117.16092631
 10.69033668 133.91973968
 12.04442296 153.07575008
 13.59317698 174.97185493
 15.35528554 200.00000000
