  1.00000000   0.25000000
  1.00000000   0.28576024
  1.00000000   0.32663567
  1.00000000   0.37335795
  1.00000000   0.42676344
  1.00000000   0.48780810
  1.00000000   0.55758465
  1.00000000   0.63734210
  1.00000000   0.72850814
  1.00000000   0.83271465
  1.00000000   0.95182697
  1.00000000   1.08797723
  1.00000000   1.24360255
  1.00000000   1.42148868
  1.00000000   1.62481981
  1.00000000   1.85723562
  1.00000000   2.12289642
  0.96000000   2.42655760
  0.84000000   2.77365477
  0.74000000   3.17040105
  0.64000000   3.62389832
  0.58000000   4.14226427
  0.52000000   4.73477780
  0.46000000   5.41204505
  0.42000000   6.18618926
  0.38000000   7.07106781
  0.36000000   8.08252026
  0.32000000   9.23865185
  0.30000000  10.56015764
  0.28000000  12.07069291
  0.26000000  13.79729661
  0.24000000  15.77087540
  0.24000000  18.02675683
  0.22000000  20.60532174
  0.20000000  23.55272709
  0.20000000  26.92173218
  0.18000000  30.77264306
  0.18000000  35.17439198
  0.18000000  40.20577138
  0.16000000  45.95684420
  0.16000000  52.53055609
  0.16000000  60.04457815
  0.16000000  68.63341327
  0.16000000  78.45080376
  0.16000000  89.67248338
  0.16000000 102.49932301
  0.16000000 117.16092631
  0.16000000 133.91973968
  0.16000000 153.07575008
  0.16000000 174.97185493
  0.14000000 200.00000000
  0.24975000   0.25000000
  0.28551024   0.28576024
  0.32638567   0.32663567
  0.37310795   0.37335795
  0.42651344   0.42676344
  0.48755810   0.48780810
  0.55035699   0.55758465
  0.55833274   0.63734210
  0.56289104   0.72850814
  0.57312012   0.83271465
  0.57938351   0.95182697
  0.59040277   1.08797723
  0.59986699   1.24360255
  0.61119255   1.42148868
  0.62330850   1.62481981
  0.63725345   1.85723562
  0.65186479   2.12289642
  0.66704785   2.42655760
  0.68440271   2.77365477
  0.70225630   3.17040105
  0.72266367   3.62389832
  0.74599014   4.14226427
  0.77265325   4.73477780
  0.80313027   5.41204505
  0.83409604   6.18618926
  0.87391558   7.07106781
  0.91437368   8.08252026
  0.96061894   9.23865185
  1.01347917  10.56015764
  1.07390058  12.07069291
  1.14296473  13.79729661
  1.21203999  15.77087540
  1.30227524  18.02675683
  1.39252502  20.60532174
  1.49568420  23.55272709
  1.61359938  26.92173218
  1.74838126  30.77264306
  1.90244248  35.17439198
  2.07854075  40.20577138
  2.27982830  45.95684420
  2.50990822  52.53055609
  2.77289899  60.04457815
  3.11645240  68.63341327
  3.50914802  78.45080376
  4.01412360  89.67248338
  4.65546558 102.49932301
  5.53516178 117.16092631
  6.79207278 133.91973968
  8.51611372 153.07575008
 10.70572420 174.97185493
 13.20853871 200.00000000
  0.68304044   0.25000000
  0.69013252   0.28576024
  0.69645748   0.32663567
  0.70208561   0.37335795
  0.70708367   0.42676344
  0.71151428   0.48780810
  0.71543854   0.55758465
  0.71944030   0.63734210
  0.72396404   0.72850814
  0.72907427   0.83271465
  0.73484142   0.95182697
  0.74134469   1.08797723
  0.74867290   1.24360255
  0.75692525   1.42148868
  0.76621356   1.62481981
  0.77666656   1.85723562
  0.78843188   2.12289642
  0.80167365   2.42655760
  0.81661590   2.77365477
  0.83348565   3.17040105
  0.85251759   3.62389832
  0.87397381   4.14226427
  0.89814488   4.73477780
  0.92535623   5.41204505
  0.95597316   6.18618926
  0.99040237   7.07106781
  1.02910307   8.08252026
  1.07258888   9.23865185
  1.12144117  10.56015764
  1.17631225  12.07069291
  1.23794019  13.79729661
  1.30715710  15.77087540
  1.38490203  18.02675683
  1.47224836  20.60532174
  1.57037502  23.55272709
  1.68062766  26.92173218
  1.80447631  30.77264306
  1.94353254  35.17439198
  2.09945105  40.20577138
  2.27390895  45.95684420
  2.46827047  52.53055609
  2.68323865  60.04457815
  2.91821014  68.63341327
  3.17029226  78.45080376
  3.43315363  89.67248338
  3.69639773 102.49932301
  3.94634059 117.16092631
  4.16861664 133.91973968
  4.35111727 153.07575008
  4.48378770 174.97185493
  4.56091342 200.00000000
