  1.00000000   0.25000000
  1.00000000   0.28576024
  1.00000000   0.32663567
  1.00000000   0.37335795
  1.00000000   0.42676344
  1.00000000   0.48780810
  1.00000000   0.55758465
  1.00000000   0.63734210
  1.00000000   0.72850814
  1.00000000   0.83271465
  1.00000000   0.95182697
  1.00000000   1.08797723
  1.00000000   1.24360255
  1.00000000   1.42148868
  1.00000000   1.62481981
  1.00000000   1.85723562
  1.00000000   2.12289642
  0.88000000   2.42655760
  0.78000000   2.77365477
  0.68000000   3.17040105
  0.60000000   3.62389832
  0.54000000   4.14226427
  0.48000000   4.73477780
  0.44000000   5.41204505
  0.40000000   6.18618926
  0.36000000   7.07106781
  0.32000000   8.08252026
  0.30000000   9.23865185
  0.28000000  10.56015764
  0.26000000  12.07069291
  0.24000000  13.79729661
  0.22000000  15.77087540
  0.20000000  18.02675683
  0.20000000  20.60532174
  0.18000000  23.55272709
  0.18000000  26.92173218
  0.16000000  30.77264306
  0.16000000  35.17439198
  0.16000000  40.20577138
  0.14000000  45.95684420
  0.14000000  52.53055609
  0.14000000  60.04457815
  0.14000000  68.63341327
  0.12000000  78.45080376
  0.12000000  89.67248338
  0.12000000 102.49932301
  0.12000000 117.16092631
  0.12000000 133.91973968
  0.10000000 153.07575008
  0.10000000 174.97185493
  0.12000000 200.00000000
  0.24975000   0.25000000
  0.28551024   0.28576024
  0.32638567   0.32663567
  0.37310795   0.37335795
  0.42651344   0.42676344
  0.48755810   0.48780810
  0.55733465   0.55758465
  0.60120125   0.63734210
  0.61031785   0.72850814
  0.62209618   0.83271465
  0.63309112   0.95182697
  0.64644960   1.08797723
  0.66133126   1.24360255
  0.67667241   1.42148868
  0.69314606   1.62481981
  0.71089176   1.85723562
  0.72948801   2.12289642
  0.74770768   2.42655760
  0.76853351   2.77365477
  0.79233829   3.17040105
  0.81728064   3.62389832
  0.84579077   4.14226427
  0.87541644   4.73477780
  0.91266614   5.41204505
  0.95137335   6.18618926
  0.99561728   7.07106781
  1.04113264   8.08252026
  1.09893922   9.23865185
  1.15840698  10.56015764
  1.22638107  12.07069291
  1.30407824  13.79729661
  1.39288928  15.77087540
  1.49440395  18.02675683
  1.59754654  20.60532174
  1.73017978  23.55272709
  1.88178501  26.92173218
  2.03582145  30.77264306
  2.23390015  35.17439198
  2.43515532  40.20577138
  2.69395360  45.95684420
  2.95690208  52.53055609
  3.25746296  60.04457815
  3.64396054  68.63341327
  4.03665616  78.45080376
  4.48552334  89.67248338
  5.06273113 102.49932301
  5.64919526 117.16092631
  6.40334186 133.91973968
  7.55270248 153.07575008
  9.74231297 174.97185493
 12.24512748 200.00000000
  0.93045794   0.25000000
  0.94366817   0.28576024
  0.95553395   0.32663567
  0.96616008   0.37335795
  0.97565045   0.42676344
  0.98410608   0.48780810
  0.99162364   0.55758465
  0.99846962   0.63734210
  1.00591707   0.72850814
  1.01428194   0.83271465
  1.02366735   0.95182697
  1.03419109   1.08797723
  1.04598433   1.24360255
  1.05919611   1.42148868
  1.07399777   1.62481981
  1.09058957   1.85723562
  1.10920216   2.12289642
  1.13012365   2.42655760
  1.15371079   2.77365477
  1.18031284   3.17040105
  1.21032358   3.62389832
  1.24419276   4.14226427
  1.28243323   4.73477780
  1.32563320   5.41204505
  1.37446544   6.18618926
  1.42970237   7.07106781
  1.49222720   8.08252026
  1.56305708   9.23865185
  1.64334639  10.56015764
  1.73441741  12.07069291
  1.83777865  13.79729661
  1.95514749  15.77087540
  2.08848186  18.02675683
  2.24002937  20.60532174
  2.41234343  23.55272709
  2.60833582  26.92173218
  2.83138009  30.77264306
  3.08529678  35.17439198
  3.37446803  40.20577138
  3.70400430  45.95684420
  4.07960675  52.53055609
  4.50781380  60.04457815
  4.99622031  68.63341327
  5.55359566  78.45080376
  6.18982296  89.67248338
  6.91606066 102.49932301
  7.74424077 117.16092631
  8.68048349 133.91973968
  9.68862742 153.07575008
 10.58385866 174.97185493
 11.06886636 200.00000000
