  1.00000000   0.25000000
  1.00000000   0.28576024
  1.00000000   0.32663567
  1.00000000   0.37335795
  1.00000000   0.42676344
  1.00000000   0.48780810
  1.00000000   0.55758465
  1.00000000   0.63734210
  1.00000000   0.72850814
  1.00000000   0.83271465
  1.00000000   0.95182697
  1.00000000   1.08797723
  1.00000000   1.24360255
  1.00000000   1.42148868
  1.00000000   1.62481981
  0.90000000   1.85723562
  0.78000000   2.12289642
  0.68000000   2.42655760
  0.60000000   2.77365477
  0.52000000   3.17040105
  0.46000000   3.62389832
  0.42000000   4.14226427
  0.36000000   4.73477780
  0.34000000   5.41204505
  0.30000000   6.18618926
  0.28000000   7.07106781
  0.24000000   8.08252026
  0.22000000   9.23865185
  0.20000000  10.56015764
  0.20000000  12.07069291
  0.18000000  13.79729661
  0.18000000  15.77087540
  0.16000000  18.02675683
  0.16000000  20.60532174
  0.14000000  23.55272709
  0.14000000  26.92173218
  0.14000000  30.77264306
  0.14000000  35.17439198
  0.12000000  40.20577138
  0.12000000  45.95684420
  0.12000000  52.53055609
  0.12000000  60.04457815
  0.12000000  68.63341327
  0.12000000  78.45080376
  0.12000000  89.67248338
  0.12000000 102.49932301
  0.12000000 117.16092631
  0.10000000 133.91973968
  0.10000000 153.07575008
  0.10000000 174.97185493
  0.10000000 200.00000000
  0.25000000   0.25000000
  0.28576024   0.28576024
  0.32663567   0.32663567
  0.37335795   0.37335795
  0.42676344   0.42676344
  0.48780810   0.48780810
  0.55758465   0.55758465
  0.63734210   0.63734210
  0.68748342   0.72850814
  0.70177428   0.83271465
  0.71989367   0.95182697
  0.74130399   1.08797723
  0.76133624   1.24360255
  0.78683765   1.42148868
  0.81614200   1.62481981
  0.84429550   1.85723562
  0.87359037   2.12289642
  0.90196082   2.42655760
  0.93465735   2.77365477
  0.96973477   3.17040105
  1.00704444   3.62389832
  1.04985148   4.14226427
  1.09428999   4.73477780
  1.14847137   5.41204505
  1.20653219   6.18618926
  1.27289808   7.07106781
  1.35381427   8.08252026
  1.44052414   9.23865185
  1.53963708  10.56015764
  1.65292722  12.07069291
  1.79105552  13.79729661
  1.93907393  15.77087540
  2.10826504  18.02675683
  2.30165740  20.60532174
  2.53744983  23.55272709
  2.79012521  26.92173218
  3.07894353  30.77264306
  3.40907470  35.17439198
  3.81158505  40.20577138
  4.24291551  45.95684420
  4.73594390  52.53055609
  5.29949556  60.04457815
  5.98660237  68.63341327
  6.72290665  78.45080376
  7.56453263  89.67248338
  8.52654560 102.49932301
  9.69947386 117.16092631
 10.95638487 133.91973968
 12.39308565 153.07575008
 14.03529351 174.97185493
 16.03754511 200.00000000
  1.70189970   0.25000000
  1.74653635   0.28576024
  1.78755246   0.32663567
  1.82504887   0.37335795
  1.85916717   0.42676344
  1.89007946   0.48780810
  1.91797886   0.55758465
  1.94307123   0.63734210
  1.96631683   0.72850814
  1.99183837   0.83271465
  2.02044890   0.95182697
  2.05233402   1.08797723
  2.08783575   1.24360255
  2.12730116   1.42148868
  2.17113932   1.62481981
  2.21994345   1.85723562
  2.27458723   2.12289642
  2.33600822   2.42655760
  2.40528391   2.77365477
  2.48365795   3.17040105
  2.57257153   3.62389832
  2.67369142   4.14226427
  2.78892833   4.73477780
  2.92044688   5.41204505
  3.07069101   6.18618926
  3.24238593   7.07106781
  3.43864799   8.08252026
  3.66297241   9.23865185
  3.91937959  10.56015764
  4.21247416  12.07069291
  4.54749564  13.79729661
  4.93040574  15.77087540
  5.36813072  18.02675683
  5.86845236  20.60532174
  6.44025327  23.55272709
  7.09402052  26.92173218
  7.84130181  30.77264306
  8.69518618  35.17439198
  9.67119799  40.20577138
 10.78721666  45.95684420
 12.06299690  52.53055609
 13.52109729  60.04457815
 15.18757758  68.63341327
 17.09226077  78.45080376
 19.26921854  89.67248338
 21.75740357 102.49932301
 24.60135971 117.16092631
 27.85244484 133.91973968
 31.56927683 153.07575008
 35.81802612 174.97185493
 40.67449694 200.00000000
