  1.00000000   0.25000000
  1.00000000   0.28576024
  1.00000000   0.32663567
  1.00000000   0.37335795
  1.00000000   0.42676344
  1.00000000   0.48780810
  1.00000000   0.55758465
  1.00000000   0.63734210
  1.00000000   0.72850814
  1.00000000   0.83271465
  1.00000000   0.95182697
  1.00000000   1.08797723
  1.00000000   1.24360255
  1.00000000   1.42148868
  1.00000000   1.62481981
  0.98000000   1.85723562
  0.84000000   2.12289642
  0.74000000   2.42655760
  0.64000000   2.77365477
  0.58000000   3.17040105
  0.52000000   3.62389832
  0.46000000   4.14226427
  0.42000000   4.73477780
  0.38000000   5.41204505
  0.34000000   6.18618926
  0.32000000   7.07106781
  0.30000000   8.08252026
  0.28000000   9.23865185
  0.26000000  10.56015764
  0.24000000  12.07069291
  0.22000000  13.79729661
  0.20000000  15.77087540
  0.20000000  18.02675683
  0.18000000  20.60532174
  0.18000000  23.55272709
  0.18000000  26.92173218
  0.16000000  30.77264306
  0.16000000  35.17439198
  0.16000000  40.20577138
  0.14000000  45.95684420
  0.14000000  52.53055609
  0.14000000  60.04457815
  0.14000000  68.63341327
  0.14000000  78.45080376
  0.12000000  89.67248338
  0.12000000 102.49932301
  0.12000000 117.16092631
  0.12000000 133.91973968
  0.12000000 153.07575008
  0.12000000 174.97185493
  0.14000000 200.00000000
  0.24975000   0.25000000
  0.28551024   0.28576024
  0.32638567   0.32663567
  0.37310795   0.37335795
  0.42651344   0.42676344
  0.47229694   0.48780810
  0.47927459   0.55758465
  0.48326246   0.63734210
  0.49237907   0.72850814
  0.49766289   0.83271465
  0.50690315   0.95182697
  0.51476554   1.08797723
  0.52556280   1.24360255
  0.53634797   1.42148868
  0.54753118   1.62481981
  0.56147613   1.85723562
  0.57475917   2.12289642
  0.58994223   2.42655760
  0.60729709   2.77365477
  0.62713440   3.17040105
  0.64980927   3.62389832
  0.67313574   4.14226427
  0.70276141   4.73477780
  0.73323844   5.41204505
  0.76807493   6.18618926
  0.80789446   7.07106781
  0.85340982   8.08252026
  0.90543574   9.23865185
  0.95829598  10.56015764
  1.02627006  12.07069291
  1.09533421  13.79729661
  1.17427736  15.77087540
  1.26451262  18.02675683
  1.36765522  20.60532174
  1.48555143  23.55272709
  1.60346661  26.92173218
  1.75750304  30.77264306
  1.91156426  35.17439198
  2.11281943  40.20577138
  2.31410698  45.95684420
  2.57705546  52.53055609
  2.84004623  60.04457815
  3.14065546  68.63341327
  3.53335108  78.45080376
  4.03832666  89.67248338
  4.67966864 102.49932301
  5.70598087 117.16092631
  7.29806814 133.91973968
  9.21366918 153.07575008
 11.40327967 174.97185493
 13.90609417 200.00000000
  0.65719079   0.25000000
  0.66375365   0.28576024
  0.66960229   0.32663567
  0.67480313   0.37335795
  0.67941901   0.42676344
  0.68354157   0.48780810
  0.68790499   0.55758465
  0.69284262   0.63734210
  0.69842431   0.72850814
  0.70473225   0.83271465
  0.71185329   0.95182697
  0.71988780   1.08797723
  0.72894956   1.24360255
  0.73917047   1.42148868
  0.75069713   1.62481981
  0.76369024   1.85723562
  0.77837101   2.12289642
  0.79497459   2.42655760
  0.81374108   2.77365477
  0.83493959   3.17040105
  0.85887141   3.62389832
  0.88587580   4.14226427
  0.91633330   4.73477780
  0.95067352   5.41204505
  0.98938030   6.18618926
  1.03300274   7.07106781
  1.08215853   8.08252026
  1.13755319   9.23865185
  1.19998781  10.56015764
  1.27036989  12.07069291
  1.34973574  13.79729661
  1.43926632  15.77087540
  1.54032909  18.02675683
  1.65444520  20.60532174
  1.78340372  23.55272709
  1.92920314  26.92173218
  2.09420214  30.77264306
  2.28101011  35.17439198
  2.49266419  40.20577138
  2.73264566  45.95684420
  3.00476347  52.53055609
  3.31308709  60.04457815
  3.66141429  68.63341327
  4.05182118  78.45080376
  4.48105199  89.67248338
  4.93373061 102.49932301
  5.37539654 117.16092631
  5.75664472 133.91973968
  6.03677332 153.07575008
  6.20394564 174.97185493
  6.27785958 200.00000000
