  1.00000000   0.25000000
  1.00000000   0.28576024
  1.00000000   0.32663567
  1.00000000   0.37335795
  1.00000000   0.42676344
  1.00000000   0.48780810
  1.00000000   0.55758465
  1.00000000   0.63734210
  1.00000000   0.72850814
  1.00000000   0.83271465
  1.00000000   0.95182697
  1.00000000   1.08797723
  1.00000000   1.24360255
  1.00000000   1.42148868
  1.00000000   1.62481981
  1.00000000   1.85723562
  1.00000000   2.12289642
  0.88000000   2.42655760
  0.76000000   2.77365477
  0.68000000   3.17040105
  0.60000000   3.62389832
  0.54000000   4.14226427
  0.48000000   4.73477780
  0.44000000   5.41204505
  0.40000000   6.18618926
  0.36000000   7.07106781
  0.34000000   8.08252026
  0.30000000   9.23865185
  0.28000000  10.56015764
  0.26000000  12.07069291
  0.24000000  13.79729661
  0.24000000  15.77087540
  0.22000000  18.02675683
  0.20000000  20.60532174
  0.20000000  23.55272709
  0.18000000  26.92173218
  0.18000000  30.77264306
  0.18000000  35.17439198
  0.16000000  40.20577138
  0.16000000  45.95684420
  0.16000000  52.53055609
  0.16000000  60.04457815
  0.14000000  68.63341327
  0.14000000  78.45080376
  0.16000000  89.67248338
  0.16000000 102.49932301
  0.16000000 117.16092631
  0.16000000 133.91973968
  0.16000000 153.07575008
  0.16000000 174.97185493
  0.14000000 200.00000000
  0.24975000   0.25000000
  0.28551024   0.28576024
  0.32638567   0.32663567
  0.37310795   0.37335795
  0.42651344   0.42676344
  0.48755810   0.48780810
  0.50849106   0.55758465
  0.51646681   0.63734210
  0.52102511   0.72850814
  0.52988660   0.83271465
  0.53786941   0.95182697
  0.54477776   1.08797723
  0.55599331   1.24360255
  0.56586237   1.42148868
  0.57806224   1.62481981
  0.59084511   1.85723562
  0.60545645   2.12289642
  0.61912121   2.42655760
  0.63647606   2.77365477
  0.65432965   3.17040105
  0.67473702   3.62389832
  0.69806349   4.14226427
  0.72472660   4.73477780
  0.75181729   5.41204505
  0.78665378   6.18618926
  0.82204892   7.07106781
  0.86250702   8.08252026
  0.90875228   9.23865185
  0.96161252  10.56015764
  1.02203393  12.07069291
  1.08246506  13.79729661
  1.16140821  15.77087540
  1.24036406  18.02675683
  1.33061383  20.60532174
  1.43377302  23.55272709
  1.55168819  26.92173218
  1.68647008  30.77264306
  1.84053129  35.17439198
  2.01662957  40.20577138
  2.21791711  45.95684420
  2.44799703  52.53055609
  2.74855791  60.04457815
  3.09211132  68.63341327
  3.48480694  78.45080376
  4.04589092  89.67248338
  4.81550130 102.49932301
  5.84181353 117.16092631
  7.26631266 133.91973968
  9.18191370 153.07575008
 11.37152419 174.97185493
 13.87433870 200.00000000
  0.63217466   0.25000000
  0.63824509   0.28576024
  0.64365099   0.32663567
  0.64845507   0.37335795
  0.65271639   0.42676344
  0.65649005   0.48780810
  0.66004664   0.55758465
  0.66403452   0.63734210
  0.66854394   0.72850814
  0.67363935   0.83271465
  0.67939240   0.95182697
  0.68588350   1.08797723
  0.69320219   1.24360255
  0.70144887   1.42148868
  0.71073991   1.62481981
  0.72120755   1.85723562
  0.73299704   2.12289642
  0.74629587   2.42655760
  0.76132250   2.77365477
  0.77828891   3.17040105
  0.79743214   3.62389832
  0.81901548   4.14226427
  0.84333481   4.73477780
  0.87072021   5.41204505
  0.90154328   6.18618926
  0.93622013   7.07106781
  0.97521792   8.08252026
  1.01906648   9.23865185
  1.06836026  10.56015764
  1.12376960  12.07069291
  1.18605452  13.79729661
  1.25608258  15.77087540
  1.33482863  18.02675683
  1.42338440  20.60532174
  1.52300354  23.55272709
  1.63505915  26.92173218
  1.76109298  30.77264306
  1.90272469  35.17439198
  2.06166785  40.20577138
  2.23946003  45.95684420
  2.43719892  52.53055609
  2.65499072  60.04457815
  2.89102219  68.63341327
  3.14030430  78.45080376
  3.39372965  89.67248338
  3.63843600 102.49932301
  3.86018301 117.16092631
  4.04718983 133.91973968
  4.19242960 153.07575008
  4.29189170 174.97185493
  4.34594022 200.00000000
