  1.00000000   0.25000000
  1.00000000   0.28576024
  1.00000000   0.32663567
  1.00000000   0.37335795
  1.00000000   0.42676344
  1.00000000   0.48780810
  1.00000000   0.55758465
  1.00000000   0.63734210
  1.00000000   0.72850814
  1.00000000   0.83271465
  1.00000000   0.95182697
  1.00000000   1.08797723
  1.00000000   1.24360255
  1.00000000   1.42148868
  1.00000000   1.62481981
  1.00000000   1.85723562
  0.86000000   2.12289642
  0.76000000   2.42655760
  0.66000000   2.77365477
  0.58000000   3.17040105
  0.52000000   3.62389832
  0.46000000   4.14226427
  0.42000000   4.73477780
  0.38000000   5.41204505
  0.36000000   6.18618926
  0.32000000   7.07106781
  0.30000000   8.08252026
  0.28000000   9.23865185
  0.26000000  10.56015764
  0.24000000  12.07069291
  0.22000000  13.79729661
  0.22000000  15.77087540
  0.20000000  18.02675683
  0.18000000  20.60532174
  0.18000000  23.55272709
  0.18000000  26.92173218
  0.16000000  30.77264306
  0.16000000  35.17439198
  0.16000000  40.20577138
  0.14000000  45.95684420
  0.14000000  52.53055609
  0.14000000  60.04457815
  0.14000000  68.63341327
  0.12000000  78.45080376
  0.12000000  89.67248338
  0.12000000 102.49932301
  0.12000000 117.16092631
  0.12000000 133.91973968
  0.12000000 153.07575008
  0.12000000 174.97185493
  0.12000000 200.00000000
  0.24975000   0.25000000
  0.28551024   0.28576024
  0.32638567   0.32663567
  0.37310795   0.37335795
  0.42651344   0.42676344
  0.48755810   0.48780810
  0.49453575   0.55758465
  0.50251150   0.63734210
  0.50706980   0.72850814
  0.51547543   0.83271465
  0.52549150   0.95182697
  0.53416351   1.08797723
  0.54468561   1.24360255
  0.55626627   1.42148868
  0.56846614   1.62481981
  0.58241109   1.85723562
  0.59569413   2.12289642
  0.61239549   2.42655760
  0.62975035   2.77365477
  0.64958766   3.17040105
  0.67226253   3.62389832
  0.69818082   4.14226427
  0.72780650   4.73477780
  0.75828353   5.41204505
  0.79312002   6.18618926
  0.83736394   7.07106781
  0.88287930   8.08252026
  0.92912457   9.23865185
  0.98859233  10.56015764
  1.05656642  12.07069291
  1.12563056  13.79729661
  1.20457372  15.77087540
  1.30608838  18.02675683
  1.40923098  20.60532174
  1.52712719  23.55272709
  1.66188739  26.92173218
  1.79666927  30.77264306
  1.97273923  35.17439198
  2.17399441  40.20577138
  2.37528196  45.95684420
  2.63823043  52.53055609
  2.90122120  60.04457815
  3.24477461  68.63341327
  3.63747023  78.45080376
  4.08633741  89.67248338
  4.66354520 102.49932301
  5.54324139 117.16092631
  6.96774053 133.91973968
  8.88334157 153.07575008
 11.07295206 174.97185493
 13.57576656 200.00000000
  0.69799239   0.25000000
  0.70540004   0.28576024
  0.71200929   0.32663567
  0.71789264   0.37335795
  0.72311912   0.42676344
  0.72775363   0.48780810
  0.73235646   0.55758465
  0.73756170   0.63734210
  0.74344476   0.72850814
  0.75008959   0.83271465
  0.75758928   0.95182697
  0.76604866   1.08797723
  0.77558605   1.24360255
  0.78633867   1.42148868
  0.79846218   1.62481981
  0.81212699   1.85723562
  0.82755605   2.12289642
  0.84500819   2.42655760
  0.86473779   2.77365477
  0.88702884   3.17040105
  0.91220146   3.62389832
  0.94061450   4.14226427
  0.97267417   4.73477780
  1.00883601   5.41204505
  1.04961465   6.18618926
  1.09559757   7.07106781
  1.14744112   8.08252026
  1.20589771   9.23865185
  1.27182338  10.56015764
  1.34618874  12.07069291
  1.43010148  13.79729661
  1.52482466  15.77087540
  1.63182334  18.02675683
  1.75272727  20.60532174
  1.88945542  23.55272709
  2.04414668  26.92173218
  2.21932693  30.77264306
  2.41780998  35.17439198
  2.64285247  40.20577138
  2.89824153  45.95684420
  3.18818964  52.53055609
  3.51741376  60.04457815
  3.89098875  68.63341327
  4.31348681  78.45080376
  4.78652659  89.67248338
  5.30236335 102.49932301
  5.83294689 117.16092631
  6.32155218 133.91973968
  6.70066086 153.07575008
  6.93244120 174.97185493
  7.03356224 200.00000000
