  1.00000000   0.25000000
  1.00000000   0.28576024
  1.00000000   0.32663567
  1.00000000   0.37335795
  1.00000000   0.42676344
  1.00000000   0.48780810
  1.00000000   0.55758465
  1.00000000   0.63734210
  1.00000000   0.72850814
  1.00000000   0.83271465
  1.00000000   0.95182697
  1.00000000   1.08797723
  0.86000000   1.24360255
  0.68000000   1.42148868
  0.56000000   1.62481981
  0.46000000   1.85723562
  0.40000000   2.12289642
  0.34000000   2.42655760
  0.30000000   2.77365477
  0.26000000   3.17040105
  0.24000000   3.62389832
  0.22000000   4.14226427
  0.20000000   4.73477780
  0.18000000   5.41204505
  0.18000000   6.18618926
  0.16000000   7.07106781
  0.16000000   8.08252026
  0.14000000   9.23865185
  0.14000000  10.56015764
  0.14000000  12.07069291
  0.14000000  13.79729661
  0.12000000  15.77087540
  0.12000000  18.02675683
  0.12000000  20.60532174
  0.12000000  23.55272709
  0.12000000  26.92173218
  0.12000000  30.77264306
  0.12000000  35.17439198
  0.12000000  40.20577138
  0.12000000  45.95684420
  0.10000000  52.53055609
  0.10000000  60.04457815
  0.10000000  68.63341327
  0.10000000  78.45080376
  0.10000000  89.67248338
  0.10000000 102.49932301
  0.10000000 117.16092631
  0.10000000 133.91973968
  0.10000000 153.07575008
  0.10000000 174.97185493
  0.10000000 200.00000000
  0.25000000   0.25000000
  0.28576024   0.28576024
  0.32663567   0.32663567
  0.37335795   0.37335795
  0.42676344   0.42676344
  0.48780810   0.48780810
  0.55758465   0.55758465
  0.63734210   0.63734210
  0.70115833   0.72850814
  0.73063346   0.83271465
  0.75969797   0.95182697
  0.79270633   1.08797723
  0.82923556   1.24360255
  0.86429471   1.42148868
  0.90118972   1.62481981
  0.94608662   1.85723562
  0.99315214   2.12289642
  1.05038187   2.42655760
  1.11305140   2.77365477
  1.18615495   3.17040105
  1.27183773   3.62389832
  1.36822487   4.14226427
  1.47796763   4.73477780
  1.60357473   5.41204505
  1.74675838   6.18618926
  1.91087405   7.07106781
  2.09826667   8.08252026
  2.31282070   9.23865185
  2.54591102  10.56015764
  2.82337076  12.07069291
  3.14026335  13.79729661
  3.50226773  15.77087540
  3.91575324  18.02675683
  4.38810341  20.60532174
  4.92757896  23.55272709
  5.54372893  26.92173218
  6.24733596  30.77264306
  7.05340918  35.17439198
  7.97460055  40.20577138
  9.02739233  45.95684420
 10.23061949  52.53055609
 11.60583164  60.04457815
 13.17766345  68.63341327
 14.97431537  78.45080376
 17.02804963  89.67248338
 19.37580617 102.49932301
 22.05930088 117.16092631
 25.12657901 133.91973968
 28.63255941 153.07575008
 32.64001904 174.97185493
 37.22071310 200.00000000
  3.32485686   0.25000000
  3.49958778   0.28576024
  3.66824028   0.32663567
  3.82970568   0.37335795
  3.98308966   0.42676344
  4.12772125   0.48780810
  4.26315033   0.55758465
  4.38913530   0.63734210
  4.50772478   0.72850814
  4.63513841   0.83271465
  4.77782547   0.95182697
  4.93757958   1.08797723
  5.11680720   1.24360255
  5.31976347   1.42148868
  5.55093002   1.62481981
  5.81492705   1.85723562
  6.11667177   2.12289642
  6.46158594   2.42655760
  6.85582756   2.77365477
  7.30644038   3.17040105
  7.82154109   3.62389832
  8.41031836   4.14226427
  9.08331448   4.73477780
  9.85253671   5.41204505
 10.73182638   6.18618926
 11.73686372   7.07106781
 12.88572118   8.08252026
 14.19873725   9.23865185
 15.69983763  10.56015764
 17.41558835  12.07069291
 19.37645184  13.79729661
 21.61787058  15.77087540
 24.18033785  18.02675683
 27.10929032  20.60532174
 30.45699493  23.55272709
 34.28342177  26.92173218
 38.65702687  30.77264306
 43.65613708  35.17439198
 49.37019957  40.20577138
 55.90146785  45.95684420
 63.36747454  52.53055609
 71.90195027  60.04457815
 81.65719486  68.63341327
 92.80776507  78.45080376
105.55328687  89.67248338
120.12189947 102.49932301
136.77438289 117.16092631
155.80882130 133.91973968
177.56594132 153.07575008
202.43520648 174.97185493
230.86177548 200.00000000
