  1.00000000   0.25000000
  1.00000000   0.28576024
  1.00000000   0.32663567
  1.00000000   0.37335795
  1.00000000   0.42676344
  1.00000000   0.48780810
  1.00000000   0.55758465
  1.00000000   0.63734210
  1.00000000   0.72850814
  1.00000000   0.83271465
  1.00000000   0.95182697
  1.00000000   1.08797723
  1.00000000   1.24360255
  1.00000000   1.42148868
  1.00000000   1.62481981
  1.00000000   1.85723562
  0.86000000   2.12289642
  0.76000000   2.42655760
  0.66000000   2.77365477
  0.58000000   3.17040105
  0.52000000   3.62389832
  0.48000000   4.14226427
  0.42000000   4.73477780
  0.38000000   5.41204505
  0.36000000   6.18618926
  0.32000000   7.07106781
  0.30000000   8.08252026
  0.28000000   9.23865185
  0.26000000  10.56015764
  0.24000000  12.07069291
  0.22000000  13.79729661
  0.22000000  15.77087540
  0.20000000  18.02675683
  0.20000000  20.60532174
  0.18000000  23.55272709
  0.18000000  26.92173218
  0.16000000  30.77264306
  0.16000000  35.17439198
  0.16000000  40.20577138
  0.16000000  45.95684420
  0.14000000  52.53055609
  0.14000000  60.04457815
  0.14000000  68.63341327
  0.14000000  78.45080376
  0.14000000  89.67248338
  0.14000000 102.49932301
  0.16000000 117.16092631
  0.16000000 133.91973968
  0.14000000 153.07575008
  0.14000000 174.97185493
  0.14000000 200.00000000
  0.24975000   0.25000000
  0.28551024   0.28576024
  0.32638567   0.32663567
  0.37310795   0.37335795
  0.42651344   0.42676344
  0.45703577   0.48780810
  0.46052460   0.55758465
  0.46850034   0.63734210
  0.47305864   0.72850814
  0.48035326   0.83271465
  0.48671801   0.95182697
  0.49544706   1.08797723
  0.50477184   1.24360255
  0.51544501   1.42148868
  0.52662822   1.62481981
  0.53941109   1.85723562
  0.55269413   2.12289642
  0.56635889   2.42655760
  0.58371374   2.77365477
  0.60156733   3.17040105
  0.62197470   3.62389832
  0.64530117   4.14226427
  0.67196428   4.73477780
  0.70244131   5.41204505
  0.73340708   6.18618926
  0.77322661   7.07106781
  0.81368471   8.08252026
  0.85992997   9.23865185
  0.91279020  10.56015764
  0.97321161  12.07069291
  1.04227576  13.79729661
  1.11135102  15.77087540
  1.20158628  18.02675683
  1.29183605  20.60532174
  1.39499524  23.55272709
  1.51291041  26.92173218
  1.64769230  30.77264306
  1.80175351  35.17439198
  1.97785179  40.20577138
  2.17913934  45.95684420
  2.44208781  52.53055609
  2.70507858  60.04457815
  3.04863199  68.63341327
  3.49041456  78.45080376
  4.10760694  89.67248338
  4.94135152 102.49932301
  6.18758780 117.16092631
  7.86346913 133.91973968
  9.77907017 153.07575008
 11.96868066 174.97185493
 14.47149516 200.00000000
  0.59026967   0.25000000
  0.59555862   0.28576024
  0.60026294   0.32663567
  0.60443906   0.37335795
  0.60813987   0.42676344
  0.61153242   0.48780810
  0.61527689   0.55758465
  0.61951499   0.63734210
  0.62430991   0.72850814
  0.62972944   0.83271465
  0.63585063   0.95182697
  0.64275903   1.08797723
  0.65055297   1.24360255
  0.65934547   1.42148868
  0.66926224   1.62481981
  0.68044028   1.85723562
  0.69306244   2.12289642
  0.70733475   2.42655760
  0.72346221   2.77365477
  0.74167293   3.17040105
  0.76222354   3.62389832
  0.78540030   4.14226427
  0.81152547   4.73477780
  0.84095995   5.41204505
  0.87411197   6.18618926
  0.91143788   7.07106781
  0.95345699   8.08252026
  1.00075324   9.23865185
  1.05399091  10.56015764
  1.11392251  12.07069291
  1.18140323  13.79729661
  1.25741611  15.77087540
  1.34306312  18.02675683
  1.43960687  20.60532174
  1.54849486  23.55272709
  1.67134334  26.92173218
  1.80999161  30.77264306
  1.96648964  35.17439198
  2.14299206  40.20577138
  2.34169215  45.95684420
  2.56447395  52.53055609
  2.81203128  60.04457815
  3.08260794  68.63341327
  3.36988825  78.45080376
  3.66089095  89.67248338
  3.93632321 102.49932301
  4.17584104 117.16092631
  4.36564162 133.91973968
  4.50149934 153.07575008
  4.58585974 174.97185493
  4.62676957 200.00000000
