  1.00000000   0.25000000
  1.00000000   0.28576024
  1.00000000   0.32663567
  1.00000000   0.37335795
  1.00000000   0.42676344
  1.00000000   0.48780810
  1.00000000   0.55758465
  1.00000000   0.63734210
  1.00000000   0.72850814
  1.00000000   0.83271465
  1.00000000   0.95182697
  1.00000000   1.08797723
  1.00000000   1.24360255
  1.00000000   1.42148868
  1.00000000   1.62481981
  1.00000000   1.85723562
  1.00000000   2.12289642
  0.98000000   2.42655760
  0.86000000   2.77365477
  0.76000000   3.17040105
  0.66000000   3.62389832
  0.60000000   4.14226427
  0.54000000   4.73477780
  0.48000000   5.41204505
  0.44000000   6.18618926
  0.40000000   7.07106781
  0.36000000   8.08252026
  0.34000000   9.23865185
  0.30000000  10.56015764
  0.28000000  12.07069291
  0.26000000  13.79729661
  0.24000000  15.77087540
  0.24000000  18.02675683
  0.22000000  20.60532174
  0.20000000  23.55272709
  0.20000000  26.92173218
  0.18000000  30.77264306
  0.18000000  35.17439198
  0.18000000  40.20577138
  0.16000000  45.95684420
  0.16000000  52.53055609
  0.16000000  60.04457815
  0.16000000  68.63341327
  0.16000000  78.45080376
  0.16000000  89.67248338
  0.16000000 102.49932301
  0.16000000 117.16092631
  0.16000000 133.91973968
  0.16000000 153.07575008
  0.16000000 174.97185493
  0.12000000 200.00000000
  0.24975000   0.25000000
  0.28551024   0.28576024
  0.32638567   0.32663567
  0.37310795   0.37335795
  0.42651344   0.42676344
  0.48755810   0.48780810
  0.55733465   0.55758465
  0.56929827   0.63734210
  0.57841487   0.72850814
  0.58557233   0.83271465
  0.59537417   0.95182697
  0.60416097   1.08797723
  0.61422443   1.24360255
  0.62444406   1.42148868
  0.63785863   1.62481981
  0.65180358   1.85723562
  0.66641493   2.12289642
  0.68159799   2.42655760
  0.69895284   2.77365477
  0.71680643   3.17040105
  0.73948129   3.62389832
  0.76280776   4.14226427
  0.78947087   4.73477780
  0.81994789   5.41204505
  0.85091366   6.18618926
  0.89073320   7.07106781
  0.93119130   8.08252026
  0.97743656   9.23865185
  1.03029679  10.56015764
  1.09071820  12.07069291
  1.15978235  13.79729661
  1.22885761  15.77087540
  1.31909286  18.02675683
  1.40934264  20.60532174
  1.51250182  23.55272709
  1.63041700  26.92173218
  1.76519888  30.77264306
  1.91926009  35.17439198
  2.09535837  40.20577138
  2.29664592  45.95684420
  2.52672584  52.53055609
  2.78971661  60.04457815
  3.09032584  68.63341327
  3.48302146  78.45080376
  3.98799704  89.67248338
  4.62933902 102.49932301
  5.43572721 117.16092631
  6.60884414 133.91973968
  8.33288508 153.07575008
 10.52249556 174.97185493
 13.02531007 200.00000000
  0.69980044   0.25000000
  0.70724673   0.28576024
  0.71389079   0.32663567
  0.71980540   0.37335795
  0.72505987   0.42676344
  0.72971938   0.48780810
  0.73384461   0.55758465
  0.73786752   0.63734210
  0.74240938   0.72850814
  0.74753889   0.83271465
  0.75332690   0.95182697
  0.75985297   1.08797723
  0.76720522   1.24360255
  0.77548292   1.42148868
  0.78479738   1.62481981
  0.79527619   1.85723562
  0.80706669   2.12289642
  0.82033210   2.42655760
  0.83528915   2.77365477
  0.85217425   3.17040105
  0.87122348   3.62389832
  0.89269777   4.14226427
  0.91688799   4.73477780
  0.94412008   5.41204505
  0.97475595   6.18618926
  1.00920374   7.07106781
  1.04791954   8.08252026
  1.09141466   9.23865185
  1.14026810  10.56015764
  1.19512995  12.07069291
  1.25673118  13.79729661
  1.32589844  15.77087540
  1.40357336  18.02675683
  1.49080760  20.60532174
  1.58877751  23.55272709
  1.69882853  26.92173218
  1.82240754  30.77264306
  1.96114369  35.17439198
  2.11669448  40.20577138
  2.29076291  45.95684420
  2.48483304  52.53055609
  2.69978822  60.04457815
  2.93537239  68.63341327
  3.18927708  78.45080376
  3.45598485  89.67248338
  3.72592888 102.49932301
  3.98581589 117.16092631
  4.22072117 133.91973968
  4.41693614 153.07575008
  4.56217378 174.97185493
  4.64833812 200.00000000
