  1.00000000   0.25000000
  1.00000000   0.28576024
  1.00000000   0.32663567
  1.00000000   0.37335795
  1.00000000   0.42676344
  1.00000000   0.48780810
  1.00000000   0.55758465
  1.00000000   0.63734210
  1.00000000   0.72850814
  1.00000000   0.83271465
  1.00000000   0.95182697
  1.00000000   1.08797723
  1.00000000   1.24360255
  1.00000000   1.42148868
  1.00000000   1.62481981
  1.00000000   1.85723562
  1.00000000   2.12289642
  0.88000000   2.42655760
  0.78000000   2.77365477
  0.70000000   3.17040105
  0.64000000   3.62389832
  0.56000000   4.14226427
  0.50000000   4.73477780
  0.46000000   5.41204505
  0.42000000   6.18618926
  0.38000000   7.07106781
  0.34000000   8.08252026
  0.32000000   9.23865185
  0.28000000  10.56015764
  0.26000000  12.07069291
  0.24000000  13.79729661
  0.22000000  15.77087540
  0.20000000  18.02675683
  0.20000000  20.60532174
  0.18000000  23.55272709
  0.18000000  26.92173218
  0.16000000  30.77264306
  0.16000000  35.17439198
  0.14000000  40.20577138
  0.14000000  45.95684420
  0.14000000  52.53055609
  0.14000000  60.04457815
  0.12000000  68.63341327
  0.12000000  78.45080376
  0.12000000  89.67248338
  0.12000000 102.49932301
  0.12000000 117.16092631
  0.12000000 133.91973968
  0.12000000 153.07575008
  0.12000000 174.97185493
  0.10000000 200.00000000
  0.25000000   0.25000000
  0.28576024   0.28576024
  0.32663567   0.32663567
  0.37335795   0.37335795
  0.42676344   0.42676344
  0.48780810   0.48780810
  0.55758465   0.55758465
  0.63734210   0.63734210
  0.65101701   0.72850814
  0.66848320   0.83271465
  0.68515260   0.95182697
  0.70076772   1.08797723
  0.71859303   1.24360255
  0.73765888   1.42148868
  0.75942326   1.62481981
  0.78579635   1.85723562
  0.81004343   2.12289642
  0.83601727   2.42655760
  0.86338066   2.77365477
  0.89115290   3.17040105
  0.92289771   3.62389832
  0.95399967   4.14226427
  0.98955048   4.73477780
  1.02680018   5.41204505
  1.06937811   6.18618926
  1.11362204   7.07106781
  1.16419466   8.08252026
  1.22200124   9.23865185
  1.28807653  10.56015764
  1.35605062  12.07069291
  1.44238080  13.79729661
  1.53119185  15.77087540
  1.64398592  18.02675683
  1.76002134  20.60532174
  1.90739161  23.55272709
  2.05899684  26.92173218
  2.23228783  30.77264306
  2.45237527  35.17439198
  2.67878735  40.20577138
  2.96634099  45.95684420
  3.26215802  52.53055609
  3.60028902  60.04457815
  4.02973077  68.63341327
  4.47151334  78.45080376
  5.03259732  89.67248338
  5.60980511 102.49932301
  6.34288527 117.16092631
  7.09703187 133.91973968
  7.95905234 153.07575008
  9.05385758 174.97185493
 10.30526484 200.00000000
  1.13060096   0.25000000
  1.15012796   0.28576024
  1.16777300   0.32663567
  1.18365999   0.37335795
  1.19791766   0.42676344
  1.21067580   0.48780810
  1.22206235   0.55758465
  1.23220110   0.63734210
  1.24202259   0.72850814
  1.25324957   0.83271465
  1.26563554   0.95182697
  1.27944876   1.08797723
  1.29483285   1.24360255
  1.31192331   1.42148868
  1.33088014   1.62481981
  1.35188457   1.85723562
  1.37515854   2.12289642
  1.40103135   2.42655760
  1.42990759   2.77365477
  1.46222636   3.17040105
  1.49848639   3.62389832
  1.53926151   4.14226427
  1.58520863   4.73477780
  1.63709087   5.41204505
  1.69578734   6.18618926
  1.76232278   7.07106781
  1.83788549   8.08252026
  1.92384609   9.23865185
  2.02179905  10.56015764
  2.13354770  12.07069291
  2.26116068  13.79729661
  2.40697448  15.77087540
  2.57362231  18.02675683
  2.76408868  20.60532174
  2.98182868  23.55272709
  3.23066190  26.92173218
  3.51517228  30.77264306
  3.84029645  35.17439198
  4.21190534  40.20577138
  4.63682689  45.95684420
  5.12248389  52.53055609
  5.67732528  60.04457815
  6.31161428  68.63341327
  7.03694453  78.45080376
  7.86614882  89.67248338
  8.81389415 102.49932301
  9.89692552 117.16092631
 11.13484693 133.91973968
 12.54919661 153.07575008
 14.16677856 174.97185493
 16.00796319 200.00000000
