  1.00000000   0.25000000
  1.00000000   0.28576024
  1.00000000   0.32663567
  1.00000000   0.37335795
  1.00000000   0.42676344
  1.00000000   0.48780810
  1.00000000   0.55758465
  1.00000000   0.63734210
  1.00000000   0.72850814
  1.00000000   0.83271465
  1.00000000   0.95182697
  1.00000000   1.08797723
  0.96000000   1.24360255
  0.76000000   1.42148868
  0.62000000   1.62481981
  0.52000000   1.85723562
  0.44000000   2.12289642
  0.38000000   2.42655760
  0.34000000   2.77365477
  0.30000000   3.17040105
  0.26000000   3.62389832
  0.24000000   4.14226427
  0.22000000   4.73477780
  0.20000000   5.41204505
  0.18000000   6.18618926
  0.18000000   7.07106781
  0.16000000   8.08252026
  0.16000000   9.23865185
  0.14000000  10.56015764
  0.14000000  12.07069291
  0.14000000  13.79729661
  0.14000000  15.77087540
  0.12000000  18.02675683
  0.12000000  20.60532174
  0.12000000  23.55272709
  0.12000000  26.92173218
  0.12000000  30.77264306
  0.12000000  35.17439198
  0.12000000  40.20577138
  0.12000000  45.95684420
  0.12000000  52.53055609
  0.10000000  60.04457815
  0.10000000  68.63341327
  0.10000000  78.45080376
  0.10000000  89.67248338
  0.10000000 102.49932301
  0.10000000 117.16092631
  0.10000000 133.91973968
  0.10000000 153.07575008
  0.10000000 174.97185493
  0.10000000 200.00000000
  0.25000000   0.25000000
  0.28576024   0.28576024
  0.32663567   0.32663567
  0.37335795   0.37335795
  0.42676344   0.42676344
  0.48780810   0.48780810
  0.55758465   0.55758465
  0.63734210   0.63734210
  0.70115833   0.72850814
  0.72572094   0.83271465
  0.75446450   0.95182697
  0.78707397   1.08797723
  0.81860774   1.24360255
  0.85274110   1.42148868
  0.88850388   1.62481981
  0.92453664   1.85723562
  0.96831704   2.12289642
  1.01777018   2.42655760
  1.07183074   2.77365477
  1.13748907   3.17040105
  1.20998473   3.62389832
  1.29521637   4.14226427
  1.38675789   4.73477780
  1.49526454   5.41204505
  1.61955410   6.18618926
  1.76137645   7.07106781
  1.92331438   8.08252026
  2.10874517   9.23865185
  2.32025926  10.56015764
  2.56204792  12.07069291
  2.83793059  13.79729661
  3.15395793  15.77087540
  3.51517782  18.02675683
  3.92799493  20.60532174
  4.39982758  23.55272709
  4.93914716  26.92173218
  5.55553444  30.77264306
  6.26009248  35.17439198
  7.06542955  40.20577138
  7.98606788  45.95684420
  9.03837463  52.53055609
 10.24118196  60.04457815
 11.61602843  68.63341327
 13.18752762  78.45080376
 14.98380844  89.67248338
 17.03703911 102.49932301
 19.38397529 117.16092631
 22.06663130 133.91973968
 25.13300852 153.07575008
 28.63799744 174.97185493
 32.64434110 200.00000000
  3.01873498   0.25000000
  3.16207832   0.28576024
  3.29913192   0.32663567
  3.42916205   0.37335795
  3.55162643   0.42676344
  3.66617051   0.48780810
  3.77261573   0.55758465
  3.87094172   0.63734210
  3.96299171   0.72850814
  4.06173681   0.83271465
  4.17219589   0.95182697
  4.29573931   1.08797723
  4.43391858   1.24360255
  4.58951714   1.42148868
  4.76607916   1.62481981
  4.96729402   1.85723562
  5.19708188   2.12289642
  5.45971170   2.42655760
  5.75990898   2.77365477
  6.10304714   3.17040105
  6.49525216   3.62389832
  6.94357646   4.14226427
  7.45603194   4.73477780
  8.04178411   5.41204505
  8.71127615   6.18618926
  9.47659344   7.07106781
 10.35134157   8.08252026
 11.35127450   9.23865185
 12.49404135  10.56015764
 13.80056901  12.07069291
 15.29391588  13.79729661
 17.00057402  15.77087540
 18.95136958  18.02675683
 21.18166423  20.60532174
 23.73097229  23.55272709
 26.64473260  26.92173218
 29.97512816  30.77264306
 33.78175425  35.17439198
 38.13276454  40.20577138
 43.10603500  45.95684420
 48.79053252  52.53055609
 55.28858955  60.04457815
 62.71671709  68.63341327
 71.20741746  78.45080376
 80.91255580  89.67248338
 92.00588632 102.49932301
104.68597761 117.16092631
119.17980350 133.91973968
135.74680715 153.07575008
154.68354516 174.97185493
176.32899496 200.00000000
