  1.00000000   0.25000000
  1.00000000   0.28576024
  1.00000000   0.32663567
  1.00000000   0.37335795
  1.00000000   0.42676344
  1.00000000   0.48780810
  1.00000000   0.55758465
  1.00000000   0.63734210
  1.00000000   0.72850814
  1.00000000   0.83271465
  1.00000000   0.95182697
  1.00000000   1.08797723
  1.00000000   1.24360255
  1.00000000   1.42148868
  1.00000000   1.62481981
  0.98000000   1.85723562
  0.84000000   2.12289642
  0.74000000   2.42655760
  0.64000000   2.77365477
  0.58000000   3.17040105
  0.52000000   3.62389832
  0.46000000   4.14226427
  0.42000000   4.73477780
  0.38000000   5.41204505
  0.34000000   6.18618926
  0.32000000   7.07106781
  0.30000000   8.08252026
  0.28000000   9.23865185
  0.26000000  10.56015764
  0.24000000  12.07069291
  0.22000000  13.79729661
  0.22000000  15.77087540
  0.20000000  18.02675683
  0.20000000  20.60532174
  0.18000000  23.55272709
  0.18000000  26.92173218
  0.16000000  30.77264306
  0.16000000  35.17439198
  0.16000000  40.20577138
  0.14000000  45.95684420
  0.14000000  52.53055609
  0.14000000  60.04457815
  0.14000000  68.63341327
  0.14000000  78.45080376
  0.14000000  89.67248338
  0.14000000 102.49932301
  0.14000000 117.16092631
  0.16000000 133.91973968
  0.14000000 153.07575008
  0.14000000 174.97185493
  0.14000000 200.00000000
  0.24975000   0.25000000
  0.28551024   0.28576024
  0.32638567   0.32663567
  0.37310795   0.37335795
  0.42651344   0.42676344
  0.45398354   0.48780810
  0.45747236   0.55758465
  0.46544811   0.63734210
  0.47000641   0.72850814
  0.47720132   0.83271465
  0.48555038   0.95182697
  0.49421585   1.08797723
  0.50344680   1.24360255
  0.51323053   1.42148868
  0.52441375   1.62481981
  0.53719661   1.85723562
  0.55047965   2.12289642
  0.56566271   2.42655760
  0.58128209   2.77365477
  0.60111940   3.17040105
  0.62152678   3.62389832
  0.64485325   4.14226427
  0.67151635   4.73477780
  0.70199338   5.41204505
  0.73682987   6.18618926
  0.77222501   7.07106781
  0.81268311   8.08252026
  0.86470903   9.23865185
  0.91756926  10.56015764
  0.97799067  12.07069291
  1.04705482  13.79729661
  1.11613008  15.77087540
  1.20636534  18.02675683
  1.29661511  20.60532174
  1.41451132  23.55272709
  1.53242650  26.92173218
  1.66720838  30.77264306
  1.82126959  35.17439198
  1.99736787  40.20577138
  2.19865542  45.95684420
  2.46160390  52.53055609
  2.72459467  60.04457815
  3.06814807  68.63341327
  3.50993065  78.45080376
  4.07101463  89.67248338
  4.90475920 102.49932301
  6.07768747 117.16092631
  7.75356880 133.91973968
  9.66916984 153.07575008
 11.85878033 174.97185493
 14.36159484 200.00000000
  0.59691021   0.25000000
  0.60231938   0.28576024
  0.60713154   0.32663567
  0.61140413   0.37335795
  0.61519098   0.42676344
  0.61868462   0.48780810
  0.62255899   0.55758465
  0.62694458   0.63734210
  0.63190548   0.72850814
  0.63751270   0.83271465
  0.64384537   0.95182697
  0.65099229   1.08797723
  0.65905596   1.24360255
  0.66815366   1.42148868
  0.67841485   1.62481981
  0.68998161   1.85723562
  0.70305033   2.12289642
  0.71782780   2.42655760
  0.73452600   2.77365477
  0.75338273   3.17040105
  0.77466290   3.62389832
  0.79866448   4.14226427
  0.82572183   4.73477780
  0.85621078   5.41204505
  0.89055398   6.18618926
  0.92923276   7.07106781
  0.97278221   8.08252026
  1.02181588   9.23865185
  1.07702679  10.56015764
  1.13920084  12.07069291
  1.20923188  13.79729661
  1.28814371  15.77087540
  1.37710529  18.02675683
  1.47742645  20.60532174
  1.59064846  23.55272709
  1.71846666  26.92173218
  1.86285715  30.77264306
  2.02601422  35.17439198
  2.21034284  40.20577138
  2.41841167  45.95684420
  2.65263655  52.53055609
  2.91459098  60.04457815
  3.20374977  68.63341327
  3.51515033  78.45080376
  3.83634186  89.67248338
  4.14606152 102.49932301
  4.41891631 117.16092631
  4.63550335 133.91973968
  4.78886413 153.07575008
  4.88213362 174.97185493
  4.92614820 200.00000000
