  1.00000000   0.25000000
  1.00000000   0.28576024
  1.00000000   0.32663567
  1.00000000   0.37335795
  1.00000000   0.42676344
  1.00000000   0.48780810
  1.00000000   0.55758465
  1.00000000   0.63734210
  1.00000000   0.72850814
  1.00000000   0.83271465
  1.00000000   0.95182697
  1.00000000   1.08797723
  1.00000000   1.24360255
  1.00000000   1.42148868
  1.00000000   1.62481981
  1.00000000   1.85723562
  1.00000000   2.12289642
  0.94000000   2.42655760
  0.82000000   2.77365477
  0.72000000   3.17040105
  0.64000000   3.62389832
  0.56000000   4.14226427
  0.50000000   4.73477780
  0.46000000   5.41204505
  0.42000000   6.18618926
  0.38000000   7.07106781
  0.34000000   8.08252026
  0.32000000   9.23865185
  0.30000000  10.56015764
  0.28000000  12.07069291
  0.26000000  13.79729661
  0.24000000  15.77087540
  0.22000000  18.02675683
  0.22000000  20.60532174
  0.20000000  23.55272709
  0.20000000  26.92173218
  0.18000000  30.77264306
  0.18000000  35.17439198
  0.16000000  40.20577138
  0.16000000  45.95684420
  0.16000000  52.53055609
  0.16000000  60.04457815
  0.16000000  68.63341327
  0.16000000  78.45080376
  0.16000000  89.67248338
  0.16000000 102.49932301
  0.16000000 117.16092631
  0.16000000 133.91973968
  0.16000000 153.07575008
  0.16000000 174.97185493
  0.14000000 200.00000000
  0.24975000   0.25000000
  0.28551024   0.28576024
  0.32638567   0.32663567
  0.37310795   0.37335795
  0.42651344   0.42676344
  0.48755810   0.48780810
  0.53989051   0.55758465
  0.54387838   0.63734210
  0.55299499   0.72850814
  0.55959887   0.83271465
  0.56855226   0.95182697
  0.57646289   1.08797723
  0.58753423   1.24360255
  0.59805407   1.42148868
  0.61008563   1.62481981
  0.62403058   1.85723562
  0.63864192   2.12289642
  0.65382498   2.42655760
  0.66944435   2.77365477
  0.68928167   3.17040105
  0.70968904   3.62389832
  0.73301551   4.14226427
  0.75967862   4.73477780
  0.78676931   5.41204505
  0.82160580   6.18618926
  0.85700094   7.07106781
  0.89745904   8.08252026
  0.94948496   9.23865185
  1.00234519  10.56015764
  1.05521393  12.07069291
  1.12427807  13.79729661
  1.19335333  15.77087540
  1.28358859  18.02675683
  1.37383836  20.60532174
  1.47699755  23.55272709
  1.59491273  26.92173218
  1.72969461  30.77264306
  1.88375582  35.17439198
  2.05985410  40.20577138
  2.26114165  45.95684420
  2.49122156  52.53055609
  2.75421234  60.04457815
  3.09776574  68.63341327
  3.49046136  78.45080376
  3.99543694  89.67248338
  4.70091312 102.49932301
  5.58060932 117.16092631
  6.92131439 133.91973968
  8.74113538 153.07575008
 10.93074586 174.97185493
 13.43356037 200.00000000
  0.66801268   0.25000000
  0.67479457   0.28576024
  0.68084028   0.32663567
  0.68621786   0.37335795
  0.69099178   0.42676344
  0.69522242   0.48780810
  0.69899588   0.55758465
  0.70298643   0.63734210
  0.70749901   0.72850814
  0.71259643   0.83271465
  0.71834983   0.95182697
  0.72483875   1.08797723
  0.73215210   1.24360255
  0.74038929   1.42148868
  0.74966282   1.62481981
  0.76010254   1.85723562
  0.77185588   2.12289642
  0.78508996   2.42655760
  0.80003243   2.77365477
  0.81690305   3.17040105
  0.83593675   3.62389832
  0.85739499   4.14226427
  0.88156949   4.73477780
  0.90878758   5.41204505
  0.93941401   6.18618926
  0.97385885   7.07106781
  1.01258025   8.08252026
  1.05609895   9.23865185
  1.10499420  10.56015764
  1.15992588  12.07069291
  1.22163811  13.79729661
  1.29096760  15.77087540
  1.36886036  18.02675683
  1.45639322  20.60532174
  1.55476591  23.55272709
  1.66532133  26.92173218
  1.78955361  30.77264306
  1.92906213  35.17439198
  2.08550335  40.20577138
  2.26052690  45.95684420
  2.45538955  52.53055609
  2.67062623  60.04457815
  2.90529948  68.63341327
  3.15594488  78.45080376
  3.41547028  89.67248338
  3.67274582 102.49932301
  3.91383937 117.16092631
  4.12505045 133.91973968
  4.29575214 153.07575008
  4.41783593 174.97185493
  4.48752151 200.00000000
