  1.00000000   0.25000000
  1.00000000   0.28576024
  1.00000000   0.32663567
  1.00000000   0.37335795
  1.00000000   0.42676344
  1.00000000   0.48780810
  1.00000000   0.55758465
  1.00000000   0.63734210
  1.00000000   0.72850814
  1.00000000   0.83271465
  1.00000000   0.95182697
  1.00000000   1.08797723
  1.00000000   1.24360255
  1.00000000   1.42148868
  1.00000000   1.62481981
  0.94000000   1.85723562
  0.82000000   2.12289642
  0.72000000   2.42655760
  0.62000000   2.77365477
  0.56000000   3.17040105
  0.50000000   3.62389832
  0.44000000   4.14226427
  0.40000000   4.73477780
  0.36000000   5.41204505
  0.32000000   6.18618926
  0.28000000   7.07106781
  0.26000000   8.08252026
  0.24000000   9.23865185
  0.22000000  10.56015764
  0.20000000  12.07069291
  0.20000000  13.79729661
  0.18000000  15.77087540
  0.16000000  18.02675683
  0.16000000  20.60532174
  0.16000000  23.55272709
  0.14000000  26.92173218
  0.14000000  30.77264306
  0.14000000  35.17439198
  0.14000000  40.20577138
  0.12000000  45.95684420
  0.12000000  52.53055609
  0.12000000  60.04457815
  0.12000000  68.63341327
  0.12000000  78.45080376
  0.12000000  89.67248338
  0.12000000 102.49932301
  0.12000000 117.16092631
  0.12000000 133.91973968
  0.10000000 153.07575008
  0.10000000 174.97185493
  0.10000000 200.00000000
  0.25000000   0.25000000
  0.28576024   0.28576024
  0.32663567   0.32663567
  0.37335795   0.37335795
  0.42676344   0.42676344
  0.48780810   0.48780810
  0.55758465   0.55758465
  0.63734210   0.63734210
  0.68292512   0.72850814
  0.69235309   0.83271465
  0.71448940   0.95182697
  0.73138228   1.08797723
  0.75477277   1.24360255
  0.77977391   1.42148868
  0.80520690   1.62481981
  0.83486600   1.85723562
  0.86067531   2.12289642
  0.89164278   2.42655760
  0.92202282   2.77365477
  0.95591932   3.17040105
  0.99259303   3.62389832
  1.03147047   4.14226427
  1.07590899   4.73477780
  1.12331769   5.41204505
  1.17750779   6.18618926
  1.23944929   7.07106781
  1.31025096   8.08252026
  1.39118017   9.23865185
  1.48368558  10.56015764
  1.58942304  12.07069291
  1.71028530  13.79729661
  1.84843582  15.77087540
  2.00634752  18.02675683
  2.18684706  20.60532174
  2.39316544  23.55272709
  2.62899579  26.92173218
  2.89855955  30.77264306
  3.20668198  35.17439198
  3.55887854  40.20577138
  3.96145363  45.95684420
  4.42161347  52.53055609
  4.94759501  60.04457815
  5.54881347  68.63341327
  6.23603080  78.45080376
  7.02154838  89.67248338
  7.91942715 102.49932301
  8.94573938 117.16092631
 10.11885632 133.91973968
 11.45977705 153.07575008
 12.99250439 174.97185493
 14.74447454 200.00000000
  1.58238937   0.25000000
  1.62090625   0.28576024
  1.65617435   0.32663567
  1.68831207   0.37335795
  1.71746862   0.42676344
  1.74381506   0.48780810
  1.76753643   0.55758465
  1.78882494   0.63734210
  1.80857443   0.72850814
  1.83044163   0.83271465
  1.85495100   0.95182697
  1.88225821   1.08797723
  1.91265645   1.24360255
  1.94644087   1.42148868
  1.98394952   1.62481981
  2.02562554   1.85723562
  2.07217752   2.12289642
  2.12438493   2.42655760
  2.18313299   2.77365477
  2.24944200   3.17040105
  2.32448841   3.62389832
  2.40964215   4.14226427
  2.50648403   4.73477780
  2.61683771   5.41204505
  2.74277198   6.18618926
  2.88661664   7.07106781
  3.05100720   8.08252026
  3.23889979   9.23865185
  3.45366746  10.56015764
  3.69915086  12.07069291
  3.97974047  13.79729661
  4.30049398  15.77087540
  4.66707544  18.02675683
  5.08617296  20.60532174
  5.56512261  23.55272709
  6.11259346  26.92173218
  6.73853688  30.77264306
  7.45391347  35.17439198
  8.27133312  40.20577138
  9.20583947  45.95684420
 10.27437189  52.53055609
 11.49578373  60.04457815
 12.89171875  68.63341327
 14.48714338  78.45080376
 16.31060225  89.67248338
 18.39471436 102.49932301
 20.77677619 117.16092631
 23.49945348 133.91973968
 26.61214022 153.07575008
 30.17067752 174.97185493
 34.23836258 200.00000000
