  1.00000000   0.25000000
  1.00000000   0.28576024
  1.00000000   0.32663567
  1.00000000   0.37335795
  1.00000000   0.42676344
  1.00000000   0.48780810
  1.00000000   0.55758465
  1.00000000   0.63734210
  1.00000000   0.72850814
  1.00000000   0.83271465
  1.00000000   0.95182697
  1.00000000   1.08797723
  1.00000000   1.24360255
  1.00000000   1.42148868
  1.00000000   1.62481981
  1.00000000   1.85723562
  1.00000000   2.12289642
  1.00000000   2.42655760
  0.88000000   2.77365477
  0.78000000   3.17040105
  0.68000000   3.62389832
  0.60000000   4.14226427
  0.54000000   4.73477780
  0.48000000   5.41204505
  0.44000000   6.18618926
  0.40000000   7.07106781
  0.36000000   8.08252026
  0.34000000   9.23865185
  0.32000000  10.56015764
  0.30000000  12.07069291
  0.28000000  13.79729661
  0.26000000  15.77087540
  0.24000000  18.02675683
  0.22000000  20.60532174
  0.22000000  23.55272709
  0.20000000  26.92173218
  0.20000000  30.77264306
  0.18000000  35.17439198
  0.18000000  40.20577138
  0.16000000  45.95684420
  0.16000000  52.53055609
  0.16000000  60.04457815
  0.16000000  68.63341327
  0.16000000  78.45080376
  0.16000000  89.67248338
  0.16000000 102.49932301
  0.16000000 117.16092631
  0.16000000 133.91973968
  0.16000000 153.07575008
  0.16000000 174.97185493
  0.12000000 200.00000000
  0.24975000   0.25000000
  0.28551024   0.28576024
  0.32638567   0.32663567
  0.37310795   0.37335795
  0.42651344   0.42676344
  0.48755810   0.48780810
  0.55733465   0.55758465
  0.58524976   0.63734210
  0.59436636   0.72850814
  0.60187120   0.83271465
  0.60876071   0.95182697
  0.61798479   1.08797723
  0.62865034   1.24360255
  0.63965537   1.42148868
  0.65290449   1.62481981
  0.66684944   1.85723562
  0.68278908   2.12289642
  0.69949045   2.42655760
  0.71510982   2.77365477
  0.73494714   3.17040105
  0.75535451   3.62389832
  0.77868098   4.14226427
  0.80534409   4.73477780
  0.83582112   5.41204505
  0.87065761   6.18618926
  0.90605275   7.07106781
  0.95156811   8.08252026
  0.99781337   9.23865185
  1.05067360  10.56015764
  1.11109501  12.07069291
  1.18015916  13.79729661
  1.24923442  15.77087540
  1.33946968  18.02675683
  1.42971945  20.60532174
  1.53287864  23.55272709
  1.65079381  26.92173218
  1.78557569  30.77264306
  1.93963691  35.17439198
  2.11573519  40.20577138
  2.31702273  45.95684420
  2.54710265  52.53055609
  2.81009342  60.04457815
  3.11070265  68.63341327
  3.50339827  78.45080376
  3.95226546  89.67248338
  4.59360744 102.49932301
  5.39999562 117.16092631
  6.48931849 133.91973968
  8.11757937 153.07575008
 10.30718986 174.97185493
 12.81000436 200.00000000
  0.71843068   0.25000000
  0.72628094   0.28576024
  0.73328921   0.32663567
  0.73953103   0.37335795
  0.74507855   0.42676344
  0.74999977   0.48780810
  0.75435817   0.55758465
  0.75844430   0.63734210
  0.76300971   0.72850814
  0.76816585   0.83271465
  0.77398351   0.95182697
  0.78054113   1.08797723
  0.78792737   1.24360255
  0.79624129   1.42148868
  0.80559404   1.62481981
  0.81611208   1.85723562
  0.82794190   2.12289642
  0.84124805   2.42655760
  0.85623575   2.77365477
  0.87315364   3.17040105
  0.89223888   3.62389832
  0.91375277   4.14226427
  0.93798712   4.73477780
  0.96526545   5.41204505
  0.99595238   6.18618926
  1.03045239   7.07106781
  1.06922012   8.08252026
  1.11276983   9.23865185
  1.16167210  10.56015764
  1.21657560  12.07069291
  1.27820985  13.79729661
  1.34739948  15.77087540
  1.42507436  18.02675683
  1.51227865  20.60532174
  1.61018866  23.55272709
  1.72013654  26.92173218
  1.84356949  30.77264306
  1.98211312  35.17439198
  2.13745007  40.20577138
  2.31130358  45.95684420
  2.50528288  52.53055609
  2.72045909  60.04457815
  2.95693065  68.63341327
  3.21297887  78.45080376
  3.48393525  89.67248338
  3.76118995 102.49932301
  4.03201204 117.16092631
  4.28108167 133.91973968
  4.49308426 153.07575008
  4.65314141 174.97185493
  4.75023589 200.00000000
