  1.00000000   0.25000000
  1.00000000   0.28576024
  1.00000000   0.32663567
  1.00000000   0.37335795
  1.00000000   0.42676344
  1.00000000   0.48780810
  1.00000000   0.55758465
  1.00000000   0.63734210
  1.00000000   0.72850814
  1.00000000   0.83271465
  1.00000000   0.95182697
  1.00000000   1.08797723
  1.00000000   1.24360255
  1.00000000   1.42148868
  1.00000000   1.62481981
  1.00000000   1.85723562
  1.00000000   2.12289642
  1.00000000   2.42655760
  0.94000000   2.77365477
  0.82000000   3.17040105
  0.72000000   3.62389832
  0.64000000   4.14226427
  0.58000000   4.73477780
  0.52000000   5.41204505
  0.46000000   6.18618926
  0.42000000   7.07106781
  0.38000000   8.08252026
  0.36000000   9.23865185
  0.32000000  10.56015764
  0.30000000  12.07069291
  0.28000000  13.79729661
  0.26000000  15.77087540
  0.24000000  18.02675683
  0.24000000  20.60532174
  0.22000000  23.55272709
  0.20000000  26.92173218
  0.20000000  30.77264306
  0.18000000  35.17439198
  0.18000000  40.20577138
  0.18000000  45.95684420
  0.16000000  52.53055609
  0.16000000  60.04457815
  0.16000000  68.63341327
  0.16000000  78.45080376
  0.16000000  89.67248338
  0.16000000 102.49932301
  0.16000000 117.16092631
  0.16000000 133.91973968
  0.16000000 153.07575008
  0.16000000 174.97185493
  0.12000000 200.00000000
  0.24975000   0.25000000
  0.28551024   0.28576024
  0.32638567   0.32663567
  0.37310795   0.37335795
  0.42651344   0.42676344
  0.48755810   0.48780810
  0.55733465   0.55758465
  0.61715274   0.63734210
  0.62626934   0.72850814
  0.63446894   0.83271465
  0.64206835   0.95182697
  0.65238046   1.08797723
  0.66454410   1.24360255
  0.67491147   1.42148868
  0.68919170   1.62481981
  0.70354920   1.85723562
  0.71948885   2.12289642
  0.73619021   2.42655760
  0.75528056   2.77365477
  0.77313414   3.17040105
  0.79580900   3.62389832
  0.81913547   4.14226427
  0.84579858   4.73477780
  0.87627561   5.41204505
  0.91111209   6.18618926
  0.95093163   7.07106781
  0.99138973   8.08252026
  1.04341565   9.23865185
  1.09627588  10.56015764
  1.15669729  12.07069291
  1.22576144  13.79729661
  1.29483670  15.77087540
  1.38507195  18.02675683
  1.47532173  20.60532174
  1.59321794  23.55272709
  1.71113312  26.92173218
  1.84591500  30.77264306
  1.99997621  35.17439198
  2.17607449  40.20577138
  2.37736204  45.95684420
  2.60744196  52.53055609
  2.87043273  60.04457815
  3.17104196  68.63341327
  3.51465062  78.45080376
  3.96351781  89.67248338
  4.54072559 102.49932301
  5.27380576 117.16092631
  6.27933456 133.91973968
  7.71603534 153.07575008
  9.90564582 174.97185493
 12.40846033 200.00000000
  0.76193659   0.25000000
  0.77077226   0.28576024
  0.77867014   0.32663567
  0.78571215   0.37335795
  0.79197708   0.42676344
  0.79753964   0.48780810
  0.80246989   0.55758465
  0.80686520   0.63734210
  0.81150104   0.72850814
  0.81673444   0.83271465
  0.82263710   0.95182697
  0.82928805   1.08797723
  0.83677558   1.24360255
  0.84519879   1.42148868
  0.85466824   1.62481981
  0.86530915   1.85723562
  0.87726527   2.12289642
  0.89070251   2.42655760
  0.90581175   2.77365477
  0.92284987   3.17040105
  0.94206796   3.62389832
  0.96372999   4.14226427
  0.98812773   4.73477780
  1.01558705   5.41204505
  1.04647045   6.18618926
  1.08118376   7.07106781
  1.12018070   8.08252026
  1.16397016   9.23865185
  1.21312428  10.56015764
  1.26828584  12.07069291
  1.33017749  13.79729661
  1.39961656  15.77087540
  1.47752154  18.02675683
  1.56492908  20.60532174
  1.66301540  23.55272709
  1.77307897  26.92173218
  1.89659278  30.77264306
  2.03515100  35.17439198
  2.19051616  40.20577138
  2.36447139  45.95684420
  2.55881614  52.53055609
  2.77505335  60.04457815
  3.01396351  68.63341327
  3.27499427  78.45080376
  3.55526282  89.67248338
  3.84833612 102.49932301
  4.14330832 117.16092631
  4.42493123 133.91973968
  4.67506598 153.07575008
  4.87278748 174.97185493
  4.99924250 200.00000000
