  1.00000000   0.25000000
  1.00000000   0.28576024
  1.00000000   0.32663567
  1.00000000   0.37335795
  1.00000000   0.42676344
  1.00000000   0.48780810
  1.00000000   0.55758465
  1.00000000   0.63734210
  1.00000000   0.72850814
  1.00000000   0.83271465
  1.00000000   0.95182697
  1.00000000   1.08797723
  1.00000000   1.24360255
  0.90000000   1.42148868
  0.74000000   1.62481981
  0.62000000   1.85723562
  0.54000000   2.12289642
  0.46000000   2.42655760
  0.40000000   2.77365477
  0.34000000   3.17040105
  0.30000000   3.62389832
  0.28000000   4.14226427
  0.26000000   4.73477780
  0.22000000   5.41204505
  0.22000000   6.18618926
  0.20000000   7.07106781
  0.18000000   8.08252026
  0.18000000   9.23865185
  0.16000000  10.56015764
  0.16000000  12.07069291
  0.14000000  13.79729661
  0.14000000  15.77087540
  0.14000000  18.02675683
  0.14000000  20.60532174
  0.12000000  23.55272709
  0.12000000  26.92173218
  0.12000000  30.77264306
  0.12000000  35.17439198
  0.12000000  40.20577138
  0.12000000  45.95684420
  0.12000000  52.53055609
  0.12000000  60.04457815
  0.12000000  68.63341327
  0.10000000  78.45080376
  0.10000000  89.67248338
  0.10000000 102.49932301
  0.10000000 117.16092631
  0.10000000 133.91973968
  0.10000000 153.07575008
  0.10000000 174.97185493
  0.10000000 200.00000000
  0.25000000   0.25000000
  0.28576024   0.28576024
  0.32663567   0.32663567
  0.37335795   0.37335795
  0.42676344   0.42676344
  0.48780810   0.48780810
  0.55758465   0.55758465
  0.63734210   0.63734210
  0.69660002   0.72850814
  0.72091447   0.83271465
  0.74460576   0.95182697
  0.77191263   1.08797723
  0.80229080   1.24360255
  0.83500280   1.42148868
  0.86524675   1.62481981
  0.89874712   1.85723562
  0.93574977   2.12289642
  0.97481018   2.42655760
  1.02180823   2.77365477
  1.07312054   3.17040105
  1.13215620   3.62389832
  1.19680862   4.14226427
  1.27560044   4.73477780
  1.36049649   5.41204505
  1.46105338   6.18618926
  1.57545072   7.07106781
  1.70625447   8.08252026
  1.85530891   9.23865185
  2.02564901  10.56015764
  2.22022830  12.07069291
  2.44310224  13.79729661
  2.69735350  15.77087540
  2.98848588  18.02675683
  3.32112060  20.60532174
  3.70128169  23.55272709
  4.13574626  26.92173218
  4.63236568  30.77264306
  5.20004016  35.17439198
  5.84896499  40.20577138
  6.59067253  45.95684420
  7.43853525  52.53055609
  8.40763923  60.04457815
  9.51534951  68.63341327
 10.78150091  78.45080376
 12.22877188  89.67248338
 13.88306982 102.49932301
 15.77400583 117.16092631
 17.93541928 133.91973968
 20.40600742 153.07575008
 23.22998258 174.97185493
 26.45790001 200.00000000
  2.57378235   0.25000000
  2.67725894   0.28576024
  2.77485885   0.32663567
  2.86627329   0.37335795
  2.95133429   0.42676344
  3.03000154   0.48780810
  3.10234578   0.55758465
  3.16853042   0.63734210
  3.23008294   0.72850814
  3.29612738   0.83271465
  3.36993003   0.95182697
  3.45235445   1.08797723
  3.54433487   1.24360255
  3.64710477   1.42148868
  3.76280699   1.62481981
  3.89384710   1.85723562
  4.04288621   2.12289642
  4.21286406   2.42655760
  4.40701432   2.77365477
  4.62890023   3.17040105
  4.88252515   3.62389832
  5.17243524   4.14226427
  5.50379686   4.73477780
  5.88256348   5.41204505
  6.31552141   6.18618926
  6.81041829   7.07106781
  7.37606363   8.08252026
  8.02261767   9.23865185
  8.76171833  10.56015764
  9.60647915  12.07069291
 10.57197845  13.79729661
 11.67588103  15.77087540
 12.93751213  18.02675683
 14.37932390  20.60532174
 16.02755785  23.55272709
 17.91195060  26.92173218
 20.06580290  30.77264306
 22.52755238  35.17439198
 25.34127302  40.20577138
 28.55731810  45.95684420
 32.23326292  52.53055609
 36.43489021  60.04457815
 41.23741926  68.63341327
 46.72754327  78.45080376
 53.00345791  89.67248338
 60.17708938 102.49932301
 68.37677618 117.16092631
 77.74931096 133.91973968
 88.46246171 153.07575008
100.70799433 174.97185493
114.70510678 200.00000000
