  1.00000000   0.25000000
  1.00000000   0.28576024
  1.00000000   0.32663567
  1.00000000   0.37335795
  1.00000000   0.42676344
  1.00000000   0.48780810
  1.00000000   0.55758465
  1.00000000   0.63734210
  1.00000000   0.72850814
  1.00000000   0.83271465
  1.00000000   0.95182697
  1.00000000   1.08797723
  1.00000000   1.24360255
  1.00000000   1.42148868
  1.00000000   1.62481981
  0.86000000   1.85723562
  0.76000000   2.12289642
  0.66000000   2.42655760
  0.58000000   2.77365477
  0.50000000   3.17040105
  0.44000000   3.62389832
  0.40000000   4.14226427
  0.36000000   4.73477780
  0.32000000   5.41204505
  0.28000000   6.18618926
  0.26000000   7.07106781
  0.24000000   8.08252026
  0.22000000   9.23865185
  0.20000000  10.56015764
  0.20000000  12.07069291
  0.18000000  13.79729661
  0.16000000  15.77087540
  0.16000000  18.02675683
  0.16000000  20.60532174
  0.14000000  23.55272709
  0.14000000  26.92173218
  0.14000000  30.77264306
  0.14000000  35.17439198
  0.12000000  40.20577138
  0.12000000  45.95684420
  0.12000000  52.53055609
  0.12000000  60.04457815
  0.12000000  68.63341327
  0.12000000  78.45080376
  0.12000000  89.67248338
  0.12000000 102.49932301
  0.12000000 117.16092631
  0.10000000 133.91973968
  0.10000000 153.07575008
  0.10000000 174.97185493
  0.10000000 200.00000000
  0.25000000   0.25000000
  0.28576024   0.28576024
  0.32663567   0.32663567
  0.37335795   0.37335795
  0.42676344   0.42676344
  0.48780810   0.48780810
  0.55758465   0.55758465
  0.63734210   0.63734210
  0.68748342   0.72850814
  0.70177428   0.83271465
  0.71989367   0.95182697
  0.74130399   1.08797723
  0.76534268   1.24360255
  0.79114947   1.42148868
  0.82087638   1.62481981
  0.84954539   1.85723562
  0.87958339   2.12289642
  0.90886743   2.42655760
  0.94269201   2.77365477
  0.97665576   3.17040105
  1.01765851   3.62389832
  1.05886933   4.14226427
  1.10923298   4.73477780
  1.16341436   5.41204505
  1.22534590   6.18618926
  1.29613618   7.07106781
  1.37705238   8.08252026
  1.46954291   9.23865185
  1.57526337  10.56015764
  1.69610619  12.07069291
  1.83423449  13.79729661
  1.99212079  15.77087540
  2.17259131  18.02675683
  2.37887650  20.60532174
  2.61466893  23.55272709
  2.88418933  26.92173218
  3.19226220  30.77264306
  3.54440212  35.17439198
  3.94691247  40.20577138
  4.40699830  45.95684420
  4.93289525  52.53055609
  5.53401701  60.04457815
  6.22112382  68.63341327
  7.00651506  78.45080376
  7.90424943  89.67248338
  8.93039660 102.49932301
 10.10332486 117.16092631
 11.44402993 133.91973968
 12.97651077 153.07575008
 14.72819915 174.97185493
 16.73045076 200.00000000
  1.77097423   0.25000000
  1.81935922   0.28576024
  1.86391065   0.32663567
  1.90471547   0.37335795
  1.94190779   0.42676344
  1.97565773   0.48780810
  2.00616115   0.55758465
  2.03363041   0.63734210
  2.05906619   0.72850814
  2.08688523   0.83271465
  2.11805891   0.95182697
  2.15280848   1.08797723
  2.19150068   1.24360255
  2.23452181   1.42148868
  2.28232719   1.62481981
  2.33562090   1.85723562
  2.39536999   2.12289642
  2.46261766   2.42655760
  2.53856592   2.77365477
  2.62460496   3.17040105
  2.72234358   3.62389832
  2.83363435   4.14226427
  2.96057728   4.73477780
  3.10554523   5.41204505
  3.27119827   6.18618926
  3.46054405   7.07106781
  3.67696183   8.08252026
  3.92433991   9.23865185
  4.20710163  10.56015764
  4.53029495  12.07069291
  4.89975045  13.79729661
  5.32199336  15.77087540
  5.80472570  18.02675683
  6.35640160  20.60532174
  6.98701131  23.55272709
  7.70799338  26.92173218
  8.53196740  30.77264306
  9.47352046  35.17439198
 10.54998029  40.20577138
 11.78076612  45.95684420
 13.18757787  52.53055609
 14.79541628  60.04457815
 16.63305850  68.63341327
 18.73339139  78.45080376
 21.13400862  89.67248338
 23.87784206 102.49932301
 27.01408450 117.16092631
 30.59955904 133.91973968
 34.69848951 153.07575008
 39.38380834 174.97185493
 44.73922121 200.00000000
