  1.00000000   0.25000000
  1.00000000   0.28576024
  1.00000000   0.32663567
  1.00000000   0.37335795
  1.00000000   0.42676344
  1.00000000   0.48780810
  1.00000000   0.55758465
  1.00000000   0.63734210
  1.00000000   0.72850814
  1.00000000   0.83271465
  1.00000000   0.95182697
  1.00000000   1.08797723
  1.00000000   1.24360255
  1.00000000   1.42148868
  1.00000000   1.62481981
  1.00000000   1.85723562
  0.98000000   2.12289642
  0.86000000   2.42655760
  0.78000000   2.77365477
  0.68000000   3.17040105
  0.62000000   3.62389832
  0.56000000   4.14226427
  0.50000000   4.73477780
  0.44000000   5.41204505
  0.40000000   6.18618926
  0.36000000   7.07106781
  0.34000000   8.08252026
  0.30000000   9.23865185
  0.28000000  10.56015764
  0.26000000  12.07069291
  0.24000000  13.79729661
  0.22000000  15.77087540
  0.20000000  18.02675683
  0.18000000  20.60532174
  0.18000000  23.55272709
  0.16000000  26.92173218
  0.16000000  30.77264306
  0.16000000  35.17439198
  0.14000000  40.20577138
  0.14000000  45.95684420
  0.14000000  52.53055609
  0.14000000  60.04457815
  0.12000000  68.63341327
  0.12000000  78.45080376
  0.12000000  89.67248338
  0.12000000 102.49932301
  0.12000000 117.16092631
  0.12000000 133.91973968
  0.12000000 153.07575008
  0.12000000 174.97185493
  0.10000000 200.00000000
  0.25000000   0.25000000
  0.28576024   0.28576024
  0.32663567   0.32663567
  0.37335795   0.37335795
  0.42676344   0.42676344
  0.48780810   0.48780810
  0.55758465   0.55758465
  0.63734210   0.63734210
  0.65557531   0.72850814
  0.66882386   0.83271465
  0.68967916   0.95182697
  0.70549143   1.08797723
  0.72357391   1.24360255
  0.74296517   1.42148868
  0.76519178   1.62481981
  0.79005804   1.85723562
  0.81666406   2.12289642
  0.84297474   2.42655760
  0.86952258   2.77365477
  0.89927856   3.17040105
  0.92875588   3.62389832
  0.96244967   4.14226427
  0.99800048   4.73477780
  1.03863651   5.41204505
  1.08121444   6.18618926
  1.12988276   7.07106781
  1.18045539   8.08252026
  1.23826197   9.23865185
  1.30433726  10.56015764
  1.37986402  12.07069291
  1.46619420  13.79729661
  1.56487314  15.77087540
  1.67766721  18.02675683
  1.80659546  20.60532174
  1.95396573  23.55272709
  2.10557096  26.92173218
  2.29811650  30.77264306
  2.51820395  35.17439198
  2.76977292  40.20577138
  3.05732656  45.95684420
  3.38601215  52.53055609
  3.76171326  60.04457815
  4.19115501  68.63341327
  4.63293758  78.45080376
  5.19402156  89.67248338
  5.83536355 102.49932301
  6.56844371 117.16092631
  7.40638438 133.91973968
  8.36418490 153.07575008
  9.45899014 174.97185493
 10.71039740 200.00000000
  1.17704042   0.25000000
  1.19821953   0.28576024
  1.21738334   0.32663567
  1.23465884   0.37335795
  1.25017964   0.42676344
  1.26408173   0.48780810
  1.27650017   0.55758465
  1.28756640   0.63734210
  1.29818213   0.72850814
  1.31033994   0.83271465
  1.32375935   0.95182697
  1.33871457   1.08797723
  1.35536940   1.24360255
  1.37387109   1.42148868
  1.39439359   1.62481981
  1.41713539   1.85723562
  1.44234445   2.12289642
  1.47039996   2.42655760
  1.50173734   2.77365477
  1.53684051   3.17040105
  1.57625883   3.62389832
  1.62062362   4.14226427
  1.67066437   4.73477780
  1.72722242   5.41204505
  1.79127631   6.18618926
  1.86395995   7.07106781
  1.94658896   8.08252026
  2.04068961   9.23865185
  2.14799655  10.56015764
  2.27050409  12.07069291
  2.41046337  13.79729661
  2.57041554  15.77087540
  2.75323994  18.02675683
  2.96220659  20.60532174
  3.20106584  23.55272709
  3.47407995  26.92173218
  3.78620001  30.77264306
  4.14283668  35.17439198
  4.55058976  40.20577138
  5.01677746  45.95684420
  5.54948202  52.53055609
  6.15815481  60.04457815
  6.85414990  68.63341327
  7.64996861  78.45080376
  8.55964387  89.67248338
  9.59930260 102.49932301
 10.78741360 117.16092631
 12.14538461 133.91973968
 13.69708001 153.07575008
 15.47145032 174.97185493
 17.49279239 200.00000000
