  1.00000000   0.25000000
  1.00000000   0.28576024
  1.00000000   0.32663567
  1.00000000   0.37335795
  1.00000000   0.42676344
  1.00000000   0.48780810
  1.00000000   0.55758465
  1.00000000   0.63734210
  1.00000000   0.72850814
  1.00000000   0.83271465
  1.00000000   0.95182697
  1.00000000   1.08797723
  1.00000000   1.24360255
  1.00000000   1.42148868
  1.00000000   1.62481981
  1.00000000   1.85723562
  0.98000000   2.12289642
  0.88000000   2.42655760
  0.78000000   2.77365477
  0.70000000   3.17040105
  0.62000000   3.62389832
  0.56000000   4.14226427
  0.50000000   4.73477780
  0.46000000   5.41204505
  0.40000000   6.18618926
  0.36000000   7.07106781
  0.34000000   8.08252026
  0.30000000   9.23865185
  0.28000000  10.56015764
  0.26000000  12.07069291
  0.24000000  13.79729661
  0.22000000  15.77087540
  0.20000000  18.02675683
  0.18000000  20.60532174
  0.18000000  23.55272709
  0.16000000  26.92173218
  0.16000000  30.77264306
  0.16000000  35.17439198
  0.14000000  40.20577138
  0.14000000  45.95684420
  0.14000000  52.53055609
  0.14000000  60.04457815
  0.12000000  68.63341327
  0.12000000  78.45080376
  0.12000000  89.67248338
  0.12000000 102.49932301
  0.12000000 117.16092631
  0.12000000 133.91973968
  0.12000000 153.07575008
  0.12000000 174.97185493
  0.10000000 200.00000000
  0.25000000   0.25000000
  0.28576024   0.28576024
  0.32663567   0.32663567
  0.37335795   0.37335795
  0.42676344   0.42676344
  0.48780810   0.48780810
  0.55758465   0.55758465
  0.63734210   0.63734210
  0.65557531   0.72850814
  0.66882386   0.83271465
  0.68550810   0.95182697
  0.70113870   1.08797723
  0.71898421   1.24360255
  0.74125751   1.42148868
  0.76333536   1.62481981
  0.78797927   1.85723562
  0.81422313   2.12289642
  0.84013513   2.42655760
  0.86625010   2.77365477
  0.89600607   3.17040105
  0.92548340   3.62389832
  0.95917718   4.14226427
  0.99472800   4.73477780
  1.03197769   5.41204505
  1.07455563   6.18618926
  1.12322395   7.07106781
  1.17379657   8.08252026
  1.23160315   9.23865185
  1.29767844  10.56015764
  1.37320520  12.07069291
  1.45090237  13.79729661
  1.54958131  15.77087540
  1.66237538  18.02675683
  1.77841080  20.60532174
  1.92578107  23.55272709
  2.07738630  26.92173218
  2.26993184  30.77264306
  2.49001929  35.17439198
  2.71643136  40.20577138
  3.00398500  45.95684420
  3.33267059  52.53055609
  3.67080159  60.04457815
  4.10024334  68.63341327
  4.54202592  78.45080376
  5.10310990  89.67248338
  5.74445188 102.49932301
  6.40422403 117.16092631
  7.24216469 133.91973968
  8.19996521 153.07575008
  9.18528993 174.97185493
 10.43669719 200.00000000
  1.15312594   0.25000000
  1.17344576   0.28576024
  1.19181924   0.32663567
  1.20837188   0.37335795
  1.22323483   0.42676344
  1.23654094   0.48780810
  1.24842160   0.55758465
  1.25900433   0.63734210
  1.26920637   0.72850814
  1.28088201   0.83271465
  1.29376334   0.95182697
  1.30812396   1.08797723
  1.32411711   1.24360255
  1.34188443   1.42148868
  1.36159196   1.62481981
  1.38342910   1.85723562
  1.40762979   2.12289642
  1.43454837   2.42655760
  1.46460330   2.77365477
  1.49825465   3.17040105
  1.53602640   3.62389832
  1.57851860   4.14226427
  1.62642348   4.73477780
  1.68053994   5.41204505
  1.74179668   6.18618926
  1.81126831   7.07106781
  1.89020727   8.08252026
  1.98005512   9.23865185
  2.08247571  10.56015764
  2.19936161  12.07069291
  2.33287458  13.79729661
  2.48544716  15.77087540
  2.65982849  18.02675683
  2.85913540  20.60532174
  3.08697899  23.55272709
  3.34736838  26.92173218
  3.64508412  30.77264306
  3.98526839  35.17439198
  4.37415537  40.20577138
  4.81881367  45.95684420
  5.32696243  52.53055609
  5.90753543  60.04457815
  6.57132094  68.63341327
  7.33035253  78.45080376
  8.19804125  89.67248338
  9.18972317 102.49932301
 10.32299908 117.16092631
 11.61831014 133.91973968
 13.09832212 153.07575008
 14.79086038 174.97185493
 16.71816665 200.00000000
