  1.00000000   0.25000000
  1.00000000   0.28576024
  1.00000000   0.32663567
  1.00000000   0.37335795
  1.00000000   0.42676344
  1.00000000   0.48780810
  1.00000000   0.55758465
  1.00000000   0.63734210
  1.00000000   0.72850814
  1.00000000   0.83271465
  1.00000000   0.95182697
  1.00000000   1.08797723
  1.00000000   1.24360255
  1.00000000   1.42148868
  1.00000000   1.62481981
  0.96000000   1.85723562
  0.84000000   2.12289642
  0.74000000   2.42655760
  0.64000000   2.77365477
  0.58000000   3.17040105
  0.52000000   3.62389832
  0.46000000   4.14226427
  0.42000000   4.73477780
  0.38000000   5.41204505
  0.34000000   6.18618926
  0.32000000   7.07106781
  0.30000000   8.08252026
  0.28000000   9.23865185
  0.26000000  10.56015764
  0.24000000  12.07069291
  0.22000000  13.79729661
  0.22000000  15.77087540
  0.20000000  18.02675683
  0.18000000  20.60532174
  0.18000000  23.55272709
  0.18000000  26.92173218
  0.16000000  30.77264306
  0.16000000  35.17439198
  0.16000000  40.20577138
  0.14000000  45.95684420
  0.14000000  52.53055609
  0.14000000  60.04457815
  0.14000000  68.63341327
  0.14000000  78.45080376
  0.14000000  89.67248338
  0.14000000 102.49932301
  0.14000000 117.16092631
  0.14000000 133.91973968
  0.14000000 153.07575008
  0.14000000 174.97185493
  0.14000000 200.00000000
  0.24975000   0.25000000
  0.28551024   0.28576024
  0.32638567   0.32663567
  0.37310795   0.37335795
  0.42651344   0.42676344
  0.45398354   0.48780810
  0.46096119   0.55758465
  0.46494906   0.63734210
  0.47406567   0.72850814
  0.47895067   0.83271465
  0.48737592   0.95182697
  0.49614079   1.08797723
  0.50417878   1.24360255
  0.51485195   1.42148868
  0.52705182   1.62481981
  0.53983469   1.85723562
  0.55311773   2.12289642
  0.56678248   2.42655760
  0.58413734   2.77365477
  0.60397466   3.17040105
  0.62438203   3.62389832
  0.64770850   4.14226427
  0.67437161   4.73477780
  0.70484864   5.41204505
  0.73968512   6.18618926
  0.77508027   7.07106781
  0.82059563   8.08252026
  0.86684089   9.23865185
  0.91970112  10.56015764
  0.98012253  12.07069291
  1.04918668  13.79729661
  1.12812983  15.77087540
  1.21836509  18.02675683
  1.30861486  20.60532174
  1.42651108  23.55272709
  1.54442625  26.92173218
  1.67920813  30.77264306
  1.85527809  35.17439198
  2.03137637  40.20577138
  2.23266392  45.95684420
  2.46274384  52.53055609
  2.72573461  60.04457815
  3.06928801  68.63341327
  3.51107058  78.45080376
  4.07215457  89.67248338
  4.84176494 102.49932301
  6.01469321 117.16092631
  7.69057454 133.91973968
  9.60617558 153.07575008
 11.79578607 174.97185493
 14.29860058 200.00000000
  0.60600978   0.25000000
  0.61158590   0.28576024
  0.61654788   0.32663567
  0.62095450   0.37335795
  0.62486096   0.42676344
  0.62845509   0.48780810
  0.63243253   0.55758465
  0.63693450   0.63734210
  0.64202585   0.72850814
  0.64778169   0.83271465
  0.65428109   0.95182697
  0.66161596   1.08797723
  0.66989162   1.24360255
  0.67922848   1.42148868
  0.68975934   1.62481981
  0.70163054   1.85723562
  0.71504570   2.12289642
  0.73021508   2.42655760
  0.74735724   2.77365477
  0.76671521   3.17040105
  0.78856268   3.62389832
  0.81320610   4.14226427
  0.84098868   4.73477780
  0.87229829   5.41204505
  0.90757021   6.18618926
  0.94729859   7.07106781
  0.99203856   8.08252026
  1.04242176   9.23865185
  1.09916413  10.56015764
  1.16307737  12.07069291
  1.23508495  13.79729661
  1.31624216  15.77087540
  1.40776373  18.02675683
  1.51100307  20.60532174
  1.62755486  23.55272709
  1.75918319  26.92173218
  1.90795229  30.77264306
  2.07615735  35.17439198
  2.26637179  40.20577138
  2.48141182  45.95684420
  2.72407423  52.53055609
  2.99658651  60.04457815
  3.29949071  68.63341327
  3.62923007  78.45080376
  3.97459819  89.67248338
  4.31383526 102.49932301
  4.61773590 117.16092631
  4.86116309 133.91973968
  5.03324948 153.07575008
  5.13678117 174.97185493
  5.18479125 200.00000000
