  1.00000000   0.25000000
  1.00000000   0.28576024
  1.00000000   0.32663567
  1.00000000   0.37335795
  1.00000000   0.42676344
  1.00000000   0.48780810
  1.00000000   0.55758465
  1.00000000   0.63734210
  1.00000000   0.72850814
  1.00000000   0.83271465
  1.00000000   0.95182697
  1.00000000   1.08797723
  1.00000000   1.24360255
  1.00000000   1.42148868
  1.00000000   1.62481981
  0.96000000   1.85723562
  0.84000000   2.12289642
  0.74000000   2.42655760
  0.64000000   2.77365477
  0.58000000   3.17040105
  0.52000000   3.62389832
  0.46000000   4.14226427
  0.42000000   4.73477780
  0.38000000   5.41204505
  0.34000000   6.18618926
  0.32000000   7.07106781
  0.30000000   8.08252026
  0.28000000   9.23865185
  0.26000000  10.56015764
  0.24000000  12.07069291
  0.22000000  13.79729661
  0.20000000  15.77087540
  0.20000000  18.02675683
  0.18000000  20.60532174
  0.18000000  23.55272709
  0.18000000  26.92173218
  0.16000000  30.77264306
  0.16000000  35.17439198
  0.16000000  40.20577138
  0.14000000  45.95684420
  0.14000000  52.53055609
  0.14000000  60.04457815
  0.14000000  68.63341327
  0.14000000  78.45080376
  0.12000000  89.67248338
  0.12000000 102.49932301
  0.14000000 117.16092631
  0.14000000 133.91973968
  0.12000000 153.07575008
  0.12000000 174.97185493
  0.14000000 200.00000000
  0.24975000   0.25000000
  0.28551024   0.28576024
  0.32638567   0.32663567
  0.37310795   0.37335795
  0.42651344   0.42676344
  0.46314024   0.48780810
  0.47011789   0.55758465
  0.47410576   0.63734210
  0.48322237   0.72850814
  0.48830678   0.83271465
  0.49713954   0.95182697
  0.50643596   1.08797723
  0.51514657   1.24360255
  0.52672775   1.42148868
  0.53791096   1.62481981
  0.55069383   1.85723562
  0.56530517   2.12289642
  0.58048823   2.42655760
  0.59784309   2.77365477
  0.61569667   3.17040105
  0.63837154   3.62389832
  0.66169800   4.14226427
  0.69132368   4.73477780
  0.72180071   5.41204505
  0.75663720   6.18618926
  0.79645673   7.07106781
  0.83691483   8.08252026
  0.88894075   9.23865185
  0.94180098  10.56015764
  1.00977507  12.07069291
  1.07883922  13.79729661
  1.15778237  15.77087540
  1.24801763  18.02675683
  1.33826740  20.60532174
  1.45616361  23.55272709
  1.59092382  26.92173218
  1.72570570  30.77264306
  1.90177565  35.17439198
  2.07787393  40.20577138
  2.27916148  45.95684420
  2.50924140  52.53055609
  2.80980228  60.04457815
  3.11041151  68.63341327
  3.50310713  78.45080376
  4.00808271  89.67248338
  4.71355889 102.49932301
  5.81317914 117.16092631
  7.48906048 133.91973968
  9.40466152 153.07575008
 11.59427200 174.97185493
 14.09708651 200.00000000
  0.63592219   0.25000000
  0.64206515   0.28576024
  0.64753624   0.32663567
  0.65239871   0.37335795
  0.65671219   0.42676344
  0.66060736   0.48780810
  0.66482949   0.55758465
  0.66960717   0.63734210
  0.67500974   0.72850814
  0.68111549   0.83271465
  0.68800952   0.95182697
  0.69578845   1.08797723
  0.70456371   1.24360255
  0.71446296   1.42148868
  0.72562759   1.62481981
  0.73821313   1.85723562
  0.75243596   2.12289642
  0.76852013   2.42655760
  0.78669820   2.77365477
  0.80722890   3.17040105
  0.83040404   3.62389832
  0.85655056   4.14226427
  0.88603456   4.73477780
  0.91927085   5.41204505
  0.95672493   6.18618926
  0.99892478   7.07106781
  1.04646548   8.08252026
  1.10002629   9.23865185
  1.16037515  10.56015764
  1.22838488  12.07069291
  1.30505000  13.79729661
  1.39150377  15.77087540
  1.48905775  18.02675683
  1.59917070  20.60532174
  1.72356215  23.55272709
  1.86414200  26.92173218
  2.02316824  30.77264306
  2.20313831  35.17439198
  2.40693839  40.20577138
  2.63784298  45.95684420
  2.89935992  52.53055609
  3.19500912  60.04457815
  3.52756904  68.63341327
  3.89718398  78.45080376
  4.29740291  89.67248338
  4.70919328 102.49932301
  5.09782202 117.16092631
  5.42228603 133.91973968
  5.65557645 153.07575008
  5.79437439 174.97185493
  5.85663514 200.00000000
