  1.00000000   0.25000000
  1.00000000   0.28576024
  1.00000000   0.32663567
  1.00000000   0.37335795
  1.00000000   0.42676344
  1.00000000   0.48780810
  1.00000000   0.55758465
  1.00000000   0.63734210
  1.00000000   0.72850814
  1.00000000   0.83271465
  1.00000000   0.95182697
  1.00000000   1.08797723
  1.00000000   1.24360255
  1.00000000   1.42148868
  0.88000000   1.62481981
  0.74000000   1.85723562
  0.64000000   2.12289642
  0.56000000   2.42655760
  0.48000000   2.77365477
  0.42000000   3.17040105
  0.38000000   3.62389832
  0.34000000   4.14226427
  0.30000000   4.73477780
  0.26000000   5.41204505
  0.24000000   6.18618926
  0.22000000   7.07106781
  0.20000000   8.08252026
  0.20000000   9.23865185
  0.18000000  10.56015764
  0.18000000  12.07069291
  0.16000000  13.79729661
  0.16000000  15.77087540
  0.14000000  18.02675683
  0.14000000  20.60532174
  0.14000000  23.55272709
  0.14000000  26.92173218
  0.12000000  30.77264306
  0.12000000  35.17439198
  0.12000000  40.20577138
  0.12000000  45.95684420
  0.12000000  52.53055609
  0.12000000  60.04457815
  0.12000000  68.63341327
  0.12000000  78.45080376
  0.12000000  89.67248338
  0.10000000 102.49932301
  0.10000000 117.16092631
  0.10000000 133.91973968
  0.10000000 153.07575008
  0.10000000 174.97185493
  0.10000000 200.00000000
  0.25000000   0.25000000
  0.28576024   0.28576024
  0.32663567   0.32663567
  0.37335795   0.37335795
  0.42676344   0.42676344
  0.48780810   0.48780810
  0.55758465   0.55758465
  0.63734210   0.63734210
  0.69660002   0.72850814
  0.71118869   0.83271465
  0.73435048   0.95182697
  0.75654787   1.08797723
  0.78575492   1.24360255
  0.81311754   1.42148868
  0.84499728   1.62481981
  0.87316320   1.85723562
  0.90654437   2.12289642
  0.94083465   2.42655760
  0.97834280   2.77365477
  1.01819414   3.17040105
  1.06662688   3.62389832
  1.11861844   4.14226427
  1.17849551   4.73477780
  1.24749131   5.41204505
  1.32493421   6.18618926
  1.41604854   7.07106781
  1.51953765   8.08252026
  1.63739569   9.23865185
  1.77224154  10.56015764
  1.92590590  12.07069291
  2.10171192  13.79729661
  2.30276423  15.77087540
  2.53257498  18.02675683
  2.79556745  20.60532174
  3.09599047  23.55272709
  3.43930053  26.92173218
  3.81208774  30.77264306
  4.25631272  35.17439198
  4.76381417  40.20577138
  5.34355018  45.95684420
  6.00575357  52.53055609
  6.76212072  60.04457815
  7.62593194  68.63341327
  8.61243432  78.45080376
  9.73900711  89.67248338
 11.02973462 102.49932301
 12.50480817 117.16092631
 14.19059354 133.91973968
 16.11724742 153.07575008
 18.31926545 174.97185493
 20.83610830 200.00000000
  2.13767744   0.25000000
  2.20857550   0.28576024
  2.27457343   0.32663567
  2.33563403   0.37335795
  2.39180675   0.42676344
  2.44321351   0.48780810
  2.49003418   0.55758465
  2.53249248   0.63734210
  2.57182183   0.72850814
  2.61426896   0.83271465
  2.66173786   0.95182697
  2.71468275   1.08797723
  2.77369033   1.24360255
  2.83938136   1.42148868
  2.91268289   1.62481981
  2.99503265   1.85723562
  3.08799616   2.12289642
  3.19335641   2.42655760
  3.31315495   2.77365477
  3.44970533   3.17040105
  3.60559594   3.62389832
  3.78371573   4.14226427
  3.98730797   4.73477780
  4.22001167   5.41204505
  4.48600754   6.18618926
  4.79004545   7.07106781
  5.13757308   8.08252026
  5.53481668   9.23865185
  5.98888441  10.56015764
  6.50784896  12.07069291
  7.10114672  13.79729661
  7.77922548  15.77087540
  8.55424409  18.02675683
  9.44035553  20.60532174
 10.45308624  23.55272709
 11.61036585  26.92173218
 12.93338798  30.77264306
 14.44605379  35.17439198
 16.17502251  40.20577138
 18.15110762  45.95684420
 20.40968033  52.53055609
 22.99115695  60.04457815
 25.94174585  68.63341327
 29.31424093  78.45080376
 33.16904956  89.67248338
 37.57586034 102.49932301
 42.61363602 117.16092631
 48.37199376 133.91973968
 54.95398398 153.07575008
 62.47741183 174.97185493
 71.07695506 200.00000000
