  1.00000000   0.25000000
  1.00000000   0.28576024
  1.00000000   0.32663567
  1.00000000   0.37335795
  1.00000000   0.42676344
  1.00000000   0.48780810
  1.00000000   0.55758465
  1.00000000   0.63734210
  1.00000000   0.72850814
  1.00000000   0.83271465
  1.00000000   0.95182697
  1.00000000   1.08797723
  1.00000000   1.24360255
  0.84000000   1.42148868
  0.70000000   1.62481981
  0.58000000   1.85723562
  0.48000000   2.12289642
  0.42000000   2.42655760
  0.36000000   2.77365477
  0.32000000   3.17040105
  0.28000000   3.62389832
  0.26000000   4.14226427
  0.24000000   4.73477780
  0.22000000   5.41204505
  0.20000000   6.18618926
  0.18000000   7.07106781
  0.18000000   8.08252026
  0.16000000   9.23865185
  0.16000000  10.56015764
  0.14000000  12.07069291
  0.14000000  13.79729661
  0.14000000  15.77087540
  0.14000000  18.02675683
  0.12000000  20.60532174
  0.12000000  23.55272709
  0.12000000  26.92173218
  0.12000000  30.77264306
  0.12000000  35.17439198
  0.12000000  40.20577138
  0.12000000  45.95684420
  0.12000000  52.53055609
  0.12000000  60.04457815
  0.10000000  68.63341327
  0.10000000  78.45080376
  0.10000000  89.67248338
  0.10000000 102.49932301
  0.10000000 117.16092631
  0.10000000 133.91973968
  0.10000000 153.07575008
  0.10000000 174.97185493
  0.10000000 200.00000000
  0.25000000   0.25000000
  0.28576024   0.28576024
  0.32663567   0.32663567
  0.37335795   0.37335795
  0.42676344   0.42676344
  0.48780810   0.48780810
  0.55758465   0.55758465
  0.63734210   0.63734210
  0.70115833   0.72850814
  0.72572094   0.83271465
  0.74967391   0.95182697
  0.77731190   1.08797723
  0.81250013   1.24360255
  0.84190129   1.42148868
  0.87660178   1.62481981
  0.91133856   1.85723562
  0.95012357   2.12289642
  0.99349805   2.42655760
  1.04306565   2.77365477
  1.10056937   3.17040105
  1.16392667   3.62389832
  1.24045814   4.14226427
  1.32291361   4.73477780
  1.42010861   5.41204505
  1.53090538   6.18618926
  1.65738442   7.07106781
  1.80196145   8.08252026
  1.96722904   9.23865185
  2.15596477  10.56015764
  2.37200463  12.07069291
  2.61842577  13.79729661
  2.90055432  15.77087540
  3.22295655  18.02675683
  3.59144089  20.60532174
  4.01262764  23.55272709
  4.49405273  26.92173218
  5.04432862  30.77264306
  5.67333847  35.17439198
  6.39228235  40.20577138
  7.21412928  45.95684420
  8.15351272  52.53055609
  9.22725847  60.04457815
 10.45459165  68.63341327
 11.85748237  78.45080376
 13.46104412  89.67248338
 15.29398390 102.49932301
 17.38910801 117.16092631
 19.78392808 133.91973968
 22.52130041 153.07575008
 25.65022754 174.97185493
 29.22671925 200.00000000
  2.77434413   0.25000000
  2.89495373   0.28576024
  3.00941042   0.32663567
  3.11723230   0.37335795
  3.21810266   0.42676344
  3.31185984   0.48780810
  3.39848176   0.55758465
  3.47806690   0.63734210
  3.55228155   0.72850814
  3.63186712   0.83271465
  3.72083501   0.95182697
  3.82025659   1.08797723
  3.93129584   1.24360255
  4.05575349   1.42148868
  4.19641468   1.62481981
  4.35623410   1.85723562
  4.53843698   2.12289642
  4.74653512   2.42655760
  4.98436266   2.77365477
  5.25621196   3.17040105
  5.56693864   3.62389832
  5.92211468   4.14226427
  6.32809616   4.73477780
  6.79215784   5.41204505
  7.32259647   6.18618926
  7.92886155   7.07106781
  8.62189641   8.08252026
  9.41405198   9.23865185
 10.31954138  10.56015764
 11.35437435  12.07069291
 12.53754938  13.79729661
 13.88986040  15.77087540
 15.43531127  18.02675683
 17.20188038  20.60532174
 19.22159243  23.55272709
 21.53017546  26.92173218
 24.16878334  30.77264306
 27.18466236  35.17439198
 30.63178314  40.20577138
 34.57185772  45.95684420
 39.07540761  52.53055609
 44.22300771  60.04457815
 50.10741797  68.63341327
 56.83411068  78.45080376
 64.52303899  89.67248338
 73.31172406 102.49932301
 83.35750839 117.16092631
 94.84021141 133.91973968
107.96537346 153.07575008
122.96793820 174.97185493
140.11645750 200.00000000
