  1.00000000   0.25000000
  1.00000000   0.28576024
  1.00000000   0.32663567
  1.00000000   0.37335795
  1.00000000   0.42676344
  1.00000000   0.48780810
  1.00000000   0.55758465
  1.00000000   0.63734210
  1.00000000   0.72850814
  1.00000000   0.83271465
  1.00000000   0.95182697
  1.00000000   1.08797723
  1.00000000   1.24360255
  1.00000000   1.42148868
  1.00000000   1.62481981
  1.00000000   1.85723562
  0.88000000   2.12289642
  0.76000000   2.42655760
  0.68000000   2.77365477
  0.60000000   3.17040105
  0.54000000   3.62389832
  0.48000000   4.14226427
  0.42000000   4.73477780
  0.38000000   5.41204505
  0.36000000   6.18618926
  0.32000000   7.07106781
  0.30000000   8.08252026
  0.28000000   9.23865185
  0.26000000  10.56015764
  0.24000000  12.07069291
  0.22000000  13.79729661
  0.22000000  15.77087540
  0.20000000  18.02675683
  0.18000000  20.60532174
  0.18000000  23.55272709
  0.18000000  26.92173218
  0.16000000  30.77264306
  0.16000000  35.17439198
  0.16000000  40.20577138
  0.14000000  45.95684420
  0.14000000  52.53055609
  0.14000000  60.04457815
  0.14000000  68.63341327
  0.12000000  78.45080376
  0.12000000  89.67248338
  0.12000000 102.49932301
  0.12000000 117.16092631
  0.12000000 133.91973968
  0.12000000 153.07575008
  0.10000000 174.97185493
  0.12000000 200.00000000
  0.24975000   0.25000000
  0.28551024   0.28576024
  0.32638567   0.32663567
  0.37310795   0.37335795
  0.42651344   0.42676344
  0.48755810   0.48780810
  0.51197989   0.55758465
  0.51596776   0.63734210
  0.52508437   0.72850814
  0.53108043   0.83271465
  0.54177618   0.95182697
  0.55115746   1.08797723
  0.56085108   1.24360255
  0.57255317   1.42148868
  0.58576969   1.62481981
  0.59971464   1.85723562
  0.61432599   2.12289642
  0.63102735   2.42655760
  0.64838221   2.77365477
  0.67020325   3.17040105
  0.69287812   3.62389832
  0.71879642   4.14226427
  0.74842209   4.73477780
  0.77889912   5.41204505
  0.81760633   6.18618926
  0.85742586   7.07106781
  0.90294122   8.08252026
  0.95496714   9.23865185
  1.01443491  10.56015764
  1.08240899  12.07069291
  1.15147314  13.79729661
  1.24028419  15.77087540
  1.33051944  18.02675683
  1.43366204  20.60532174
  1.55155825  23.55272709
  1.68631846  26.92173218
  1.84035489  30.77264306
  2.01642485  35.17439198
  2.21768003  40.20577138
  2.44772294  45.95684420
  2.67780285  52.53055609
  2.97836374  60.04457815
  3.32191714  68.63341327
  3.66552581  78.45080376
  4.11439299  89.67248338
  4.69160078 102.49932301
  5.49798896 117.16092631
  6.75489996 133.91973968
  8.67050100 153.07575008
 10.86011149 174.97185493
 13.36292599 200.00000000
  0.73179051   0.25000000
  0.73993711   0.28576024
  0.74721272   0.32663567
  0.75369488   0.37335795
  0.75945775   0.42676344
  0.76457141   0.48780810
  0.76939698   0.55758465
  0.77480331   0.63734210
  0.78091098   0.72850814
  0.78780636   0.83271465
  0.79558622   0.95182697
  0.80435861   1.08797723
  0.81424504   1.24360255
  0.82538586   1.42148868
  0.83794266   1.62481981
  0.85209403   1.85723562
  0.86806051   2.12289642
  0.88612011   2.42655760
  0.90653859   2.77365477
  0.92961199   3.17040105
  0.95567270   3.62389832
  0.98509687   4.14226427
  1.01830550   4.73477780
  1.05577807   5.41204505
  1.09805499   6.18618926
  1.14574697   7.07106781
  1.19954829   8.08252026
  1.26024484   9.23865185
  1.32873451  10.56015764
  1.40603858  12.07069291
  1.49332160  13.79729661
  1.59191324  15.77087540
  1.70334519  18.02675683
  1.82933632  20.60532174
  1.97190914  23.55272709
  2.13331038  26.92173218
  2.31619713  30.77264306
  2.52352819  35.17439198
  2.75873678  40.20577138
  3.02581655  45.95684420
  3.32923025  52.53055609
  3.67405991  60.04457815
  4.06599316  68.63341327
  4.51093455  78.45080376
  5.01328179  89.67248338
  5.57087064 102.49932301
  6.16353313 117.16092631
  6.73664616 133.91973968
  7.20512911 153.07575008
  7.50163374 174.97185493
  7.63097441 200.00000000
