  1.00000000   0.25000000
  1.00000000   0.28576024
  1.00000000   0.32663567
  1.00000000   0.37335795
  1.00000000   0.42676344
  1.00000000   0.48780810
  1.00000000   0.55758465
  1.00000000   0.63734210
  1.00000000   0.72850814
  1.00000000   0.83271465
  1.00000000   0.95182697
  0.84000000   1.08797723
  0.64000000   1.24360255
  0.50000000   1.42148868
  0.40000000   1.62481981
  0.34000000   1.85723562
  0.30000000   2.12289642
  0.26000000   2.42655760
  0.24000000   2.77365477
  0.22000000   3.17040105
  0.20000000   3.62389832
  0.18000000   4.14226427
  0.16000000   4.73477780
  0.16000000   5.41204505
  0.16000000   6.18618926
  0.14000000   7.07106781
  0.14000000   8.08252026
  0.14000000   9.23865185
  0.12000000  10.56015764
  0.12000000  12.07069291
  0.12000000  13.79729661
  0.12000000  15.77087540
  0.12000000  18.02675683
  0.12000000  20.60532174
  0.12000000  23.55272709
  0.12000000  26.92173218
  0.12000000  30.77264306
  0.10000000  35.17439198
  0.10000000  40.20577138
  0.10000000  45.95684420
  0.10000000  52.53055609
  0.10000000  60.04457815
  0.10000000  68.63341327
  0.10000000  78.45080376
  0.10000000  89.67248338
  0.10000000 102.49932301
  0.10000000 117.16092631
  0.10000000 133.91973968
  0.10000000 153.07575008
  0.10000000 174.97185493
  0.10000000 200.00000000
  0.25000000   0.25000000
  0.28576024   0.28576024
  0.32663567   0.32663567
  0.37335795   0.37335795
  0.42676344   0.42676344
  0.48780810   0.48780810
  0.55758465   0.55758465
  0.63734210   0.63734210
  0.70571663   0.72850814
  0.74045172   0.83271465
  0.78005967   0.95182697
  0.81955721   1.08797723
  0.86328393   1.24360255
  0.90606215   1.42148868
  0.96071300   1.62481981
  1.02655608   1.85723562
  1.09436456   2.12289642
  1.17477001   2.42655760
  1.26935314   2.77365477
  1.37590842   3.17040105
  1.49706711   3.62389832
  1.63508846   4.14226427
  1.79385126   4.73477780
  1.97528691   5.41204505
  2.18189558   6.18618926
  2.41873130   7.07106781
  2.68963343   8.08252026
  2.99893321   9.23865185
  3.35238542  10.56015764
  3.73622308  12.07069291
  4.19379506  13.79729661
  4.71643985  15.77087540
  5.31339103  18.02675683
  5.99534856  20.60532174
  6.77424195  23.55272709
  7.66376250  26.92173218
  8.67963990  30.77264306
  9.83977614  35.17439198
 11.16896983  40.20577138
 12.68797986  45.95684420
 14.42397209  52.53055609
 16.40801758  60.04457815
 18.67562365  68.63341327
 21.26743229  78.45080376
 24.22995459  89.67248338
 27.61640508 102.49932301
 31.48768838 117.16092631
 35.91257210 133.91973968
 40.97027885 153.07575008
 46.75136786 174.97185493
 53.35935331 200.00000000
  4.25684442   0.25000000
  4.54754414   0.28576024
  4.83649626   0.32663567
  5.12117622   0.37335795
  5.39920790   0.42676344
  5.66843966   0.48780810
  5.92700465   0.55758465
  6.17336236   0.63734210
  6.40996159   0.72850814
  6.66631424   0.83271465
  6.95438676   0.95182697
  7.27873985   1.08797723
  7.64744359   1.24360255
  8.06854646   1.42148868
  8.54998683   1.62481981
  9.10025008   1.85723562
  9.72921659   2.12289642
 10.44813583   2.42655760
 11.26989820   2.77365477
 12.20925471   3.17040105
 13.28294891   3.62389832
 14.51021230   4.14226427
 15.91293046   4.73477780
 17.51650204   5.41204505
 19.34922927   6.18618926
 21.44427326   7.07106781
 23.83903373   8.08252026
 26.57609544   9.23865185
 29.70454363  10.56015764
 33.28105259  12.07069291
 37.36904340  13.79729661
 42.04162958  15.77087540
 47.38245297  18.02675683
 53.48710296  20.60532174
 60.46483952  23.55272709
 68.44055166  26.92173218
 77.55698283  30.77264306
 87.97775711  35.17439198
 99.88971444  40.20577138
113.50554623  45.95684420
129.06893261  52.53055609
146.85847294  60.04457815
167.19259850  68.63341327
190.43529821  78.45080376
217.00262714  89.67248338
247.37015664 102.49932301
282.08148892 117.16092631
321.75793716 133.91973968
367.10972031 153.07575008
418.94864787 174.97185493
478.20265131 200.00000000
