  1.00000000   0.25000000
  1.00000000   0.28576024
  1.00000000   0.32663567
  1.00000000   0.37335795
  1.00000000   0.42676344
  1.00000000   0.48780810
  1.00000000   0.55758465
  1.00000000   0.63734210
  1.00000000   0.72850814
  1.00000000   0.83271465
  1.00000000   0.95182697
  1.00000000   1.08797723
  1.00000000   1.24360255
  1.00000000   1.42148868
  1.00000000   1.62481981
  1.00000000   1.85723562
  0.92000000   2.12289642
  0.80000000   2.42655760
  0.70000000   2.77365477
  0.62000000   3.17040105
  0.56000000   3.62389832
  0.50000000   4.14226427
  0.44000000   4.73477780
  0.40000000   5.41204505
  0.36000000   6.18618926
  0.34000000   7.07106781
  0.30000000   8.08252026
  0.28000000   9.23865185
  0.26000000  10.56015764
  0.24000000  12.07069291
  0.22000000  13.79729661
  0.22000000  15.77087540
  0.20000000  18.02675683
  0.20000000  20.60532174
  0.18000000  23.55272709
  0.18000000  26.92173218
  0.16000000  30.77264306
  0.16000000  35.17439198
  0.16000000  40.20577138
  0.14000000  45.95684420
  0.14000000  52.53055609
  0.14000000  60.04457815
  0.14000000  68.63341327
  0.12000000  78.45080376
  0.12000000  89.67248338
  0.12000000 102.49932301
  0.12000000 117.16092631
  0.12000000 133.91973968
  0.10000000 153.07575008
  0.10000000 174.97185493
  0.12000000 200.00000000
  0.24975000   0.25000000
  0.28551024   0.28576024
  0.32638567   0.32663567
  0.37310795   0.37335795
  0.42651344   0.42676344
  0.48755810   0.48780810
  0.53989051   0.55758465
  0.54387838   0.63734210
  0.55299499   0.72850814
  0.56290081   0.83271465
  0.57196206   0.95182697
  0.58265808   1.08797723
  0.59406671   1.24360255
  0.60683776   1.42148868
  0.61982575   1.62481981
  0.63493278   1.85723562
  0.64954412   2.12289642
  0.66624549   2.42655760
  0.68533583   2.77365477
  0.70715688   3.17040105
  0.72983174   3.62389832
  0.75575004   4.14226427
  0.78537571   4.73477780
  0.81923908   5.41204505
  0.85794629   6.18618926
  0.89776582   7.07106781
  0.94833844   8.08252026
  1.00036437   9.23865185
  1.05983213  10.56015764
  1.12780621  12.07069291
  1.20550338  13.79729661
  1.28444653  15.77087540
  1.38596120  18.02675683
  1.48910379  20.60532174
  1.60700001  23.55272709
  1.75860524  26.92173218
  1.91264167  30.77264306
  2.08871163  35.17439198
  2.28996680  40.20577138
  2.52000972  45.95684420
  2.78295819  52.53055609
  3.08351907  60.04457815
  3.42707248  68.63341327
  3.81976810  78.45080376
  4.21252689  89.67248338
  4.78973467 102.49932301
  5.44950682 117.16092631
  6.53882969 133.91973968
  8.45443073 153.07575008
 10.64404121 174.97185493
 13.14685572 200.00000000
  0.79369087   0.25000000
  0.80328299   0.28576024
  0.81186488   0.32663567
  0.81952304   0.37335795
  0.82634110   0.42676344
  0.83239870   0.48780810
  0.83782106   0.55758465
  0.84357581   0.63734210
  0.85007194   0.72850814
  0.85739808   0.83271465
  0.86565543   0.95182697
  0.87495677   1.08797723
  0.88542897   1.24360255
  0.89721625   1.42148868
  0.91048729   1.62481981
  0.92543283   1.85723562
  0.94227116   2.12289642
  0.96130244   2.42655760
  0.98281752   2.77365477
  1.00713172   3.17040105
  1.03459936   3.62389832
  1.06562235   4.14226427
  1.10065439   4.73477780
  1.14020903   5.41204505
  1.18486808   6.18618926
  1.23529327   7.07106781
  1.29223705   8.08252026
  1.35655700   9.23865185
  1.42922323  10.56015764
  1.51134574  12.07069291
  1.60419057  13.79729661
  1.70921145  15.77087540
  1.82805460  18.02675683
  1.96260188  20.60532174
  2.11505100  23.55272709
  2.28784410  26.92173218
  2.48386526  30.77264306
  2.70634222  35.17439198
  2.95900456  40.20577138
  3.24619852  45.95684420
  3.57277929  52.53055609
  3.94433368  60.04457815
  4.36728328  68.63341327
  4.84887324  78.45080376
  5.39659920  89.67248338
  6.01559492 102.49932301
  6.70014619 117.16092631
  7.41164704 133.91973968
  8.05242126 153.07575008
  8.49464637 174.97185493
  8.69271745 200.00000000
