  1.00000000   0.25000000
  1.00000000   0.28576024
  1.00000000   0.32663567
  1.00000000   0.37335795
  1.00000000   0.42676344
  1.00000000   0.48780810
  1.00000000   0.55758465
  1.00000000   0.63734210
  1.00000000   0.72850814
  1.00000000   0.83271465
  1.00000000   0.95182697
  1.00000000   1.08797723
  1.00000000   1.24360255
  1.00000000   1.42148868
  1.00000000   1.62481981
  0.96000000   1.85723562
  0.84000000   2.12289642
  0.72000000   2.42655760
  0.64000000   2.77365477
  0.58000000   3.17040105
  0.52000000   3.62389832
  0.46000000   4.14226427
  0.42000000   4.73477780
  0.38000000   5.41204505
  0.34000000   6.18618926
  0.32000000   7.07106781
  0.30000000   8.08252026
  0.28000000   9.23865185
  0.26000000  10.56015764
  0.24000000  12.07069291
  0.22000000  13.79729661
  0.22000000  15.77087540
  0.20000000  18.02675683
  0.18000000  20.60532174
  0.18000000  23.55272709
  0.18000000  26.92173218
  0.16000000  30.77264306
  0.16000000  35.17439198
  0.16000000  40.20577138
  0.14000000  45.95684420
  0.14000000  52.53055609
  0.14000000  60.04457815
  0.14000000  68.63341327
  0.14000000  78.45080376
  0.14000000  89.67248338
  0.14000000 102.49932301
  0.14000000 117.16092631
  0.14000000 133.91973968
  0.14000000 153.07575008
  0.14000000 174.97185493
  0.14000000 200.00000000
  0.24975000   0.25000000
  0.28551024   0.28576024
  0.32638567   0.32663567
  0.37310795   0.37335795
  0.42651344   0.42676344
  0.45703577   0.48780810
  0.46052460   0.55758465
  0.46850034   0.63734210
  0.47305864   0.72850814
  0.48035326   0.83271465
  0.48883960   0.95182697
  0.49768415   1.08797723
  0.50717945   1.24360255
  0.51696318   1.42148868
  0.52814640   1.62481981
  0.54092927   1.85723562
  0.55421231   2.12289642
  0.56939537   2.42655760
  0.58675022   2.77365477
  0.60460381   3.17040105
  0.62727867   3.62389832
  0.65060514   4.14226427
  0.67726825   4.73477780
  0.70774527   5.41204505
  0.74258176   6.18618926
  0.78240130   7.07106781
  0.82285940   8.08252026
  0.87488532   9.23865185
  0.92774555  10.56015764
  0.98816696  12.07069291
  1.05723111  13.79729661
  1.13617426  15.77087540
  1.21513011  18.02675683
  1.31827271  20.60532174
  1.43616892  23.55272709
  1.55408410  26.92173218
  1.68886598  30.77264306
  1.86493594  35.17439198
  2.04103421  40.20577138
  2.24232176  45.95684420
  2.47240168  52.53055609
  2.73539245  60.04457815
  3.07894586  68.63341327
  3.47164148  78.45080376
  4.03272546  89.67248338
  4.80233583 102.49932301
  5.97526410 117.16092631
  7.65114544 133.91973968
  9.56674648 153.07575008
 11.75635696 174.97185493
 14.25917147 200.00000000
  0.61199175   0.25000000
  0.61767901   0.28576024
  0.62274076   0.32663567
  0.62723668   0.37335795
  0.63122284   0.42676344
  0.63487812   0.48780810
  0.63891195   0.55758465
  0.64347716   0.63734210
  0.64864107   0.72850814
  0.65447708   0.83271465
  0.66106759   0.95182697
  0.66850503   1.08797723
  0.67689620   1.24360255
  0.68636330   1.42148868
  0.69704090   1.62481981
  0.70907773   1.85723562
  0.72268063   2.12289642
  0.73806268   2.42655760
  0.75544543   2.77365477
  0.77507552   3.17040105
  0.79723091   3.62389832
  0.82222286   4.14226427
  0.85039950   4.73477780
  0.88215512   5.41204505
  0.91793189   6.18618926
  0.95823144   7.07106781
  1.00361852   8.08252026
  1.05473527   9.23865185
  1.11231084  10.56015764
  1.17716981  12.07069291
  1.25025170  13.79729661
  1.33262963  15.77087540
  1.42554196  18.02675683
  1.53036709  20.60532174
  1.64872483  23.55272709
  1.78241871  26.92173218
  1.93355717  30.77264306
  2.10448552  35.17439198
  2.29785644  40.20577138
  2.51660830  45.95684420
  2.76372674  52.53055609
  3.04177348  60.04457815
  3.35185252  68.63341327
  3.69124879  78.45080376
  4.04967544  89.67248338
  4.40551399 102.49932301
  4.72776057 117.16092631
  4.98776427 133.91973968
  5.17181431 153.07575008
  5.28206400 174.97185493
  5.33275251 200.00000000
