  1.00000000   0.25000000
  1.00000000   0.28576024
  1.00000000   0.32663567
  1.00000000   0.37335795
  1.00000000   0.42676344
  1.00000000   0.48780810
  1.00000000   0.55758465
  1.00000000   0.63734210
  1.00000000   0.72850814
  1.00000000   0.83271465
  1.00000000   0.95182697
  1.00000000   1.08797723
  1.00000000   1.24360255
  1.00000000   1.42148868
  1.00000000   1.62481981
  0.98000000   1.85723562
  0.86000000   2.12289642
  0.74000000   2.42655760
  0.66000000   2.77365477
  0.58000000   3.17040105
  0.52000000   3.62389832
  0.46000000   4.14226427
  0.42000000   4.73477780
  0.38000000   5.41204505
  0.34000000   6.18618926
  0.32000000   7.07106781
  0.30000000   8.08252026
  0.28000000   9.23865185
  0.26000000  10.56015764
  0.24000000  12.07069291
  0.22000000  13.79729661
  0.20000000  15.77087540
  0.20000000  18.02675683
  0.18000000  20.60532174
  0.18000000  23.55272709
  0.18000000  26.92173218
  0.16000000  30.77264306
  0.16000000  35.17439198
  0.16000000  40.20577138
  0.14000000  45.95684420
  0.14000000  52.53055609
  0.14000000  60.04457815
  0.14000000  68.63341327
  0.12000000  78.45080376
  0.12000000  89.67248338
  0.12000000 102.49932301
  0.12000000 117.16092631
  0.12000000 133.91973968
  0.12000000 153.07575008
  0.12000000 174.97185493
  0.12000000 200.00000000
  0.24975000   0.25000000
  0.28551024   0.28576024
  0.32638567   0.32663567
  0.37310795   0.37335795
  0.42651344   0.42676344
  0.48450587   0.48780810
  0.48799469   0.55758465
  0.49597044   0.63734210
  0.50052874   0.72850814
  0.50872070   0.83271465
  0.51844257   0.95182697
  0.52680756   1.08797723
  0.53684908   1.24360255
  0.54886319   1.42148868
  0.56106306   1.62481981
  0.57384593   1.85723562
  0.58845727   2.12289642
  0.60364033   2.42655760
  0.62099519   2.77365477
  0.64083250   3.17040105
  0.66350737   3.62389832
  0.68942566   4.14226427
  0.71905134   4.73477780
  0.74952837   5.41204505
  0.78436485   6.18618926
  0.82418439   7.07106781
  0.86969975   8.08252026
  0.92172567   9.23865185
  0.98119343  10.56015764
  1.04161484  12.07069291
  1.11931201  13.79729661
  1.19825516  15.77087540
  1.28849042  18.02675683
  1.39163301  20.60532174
  1.50952923  23.55272709
  1.64428943  26.92173218
  1.77907131  30.77264306
  1.95514127  35.17439198
  2.15639645  40.20577138
  2.35768399  45.95684420
  2.62063247  52.53055609
  2.88362324  60.04457815
  3.22717665  68.63341327
  3.57078531  78.45080376
  4.07576090  89.67248338
  4.65296868 102.49932301
  5.60597290 117.16092631
  7.03047203 133.91973968
  8.94607307 153.07575008
 11.13568356 174.97185493
 13.63849806 200.00000000
  0.68313380   0.25000000
  0.69022783   0.28576024
  0.69655455   0.32663567
  0.70218426   0.37335795
  0.70718372   0.42676344
  0.71161819   0.48780810
  0.71613759   0.55758465
  0.72124942   0.63734210
  0.72702791   0.72850814
  0.73355547   0.83271465
  0.74092382   0.95182697
  0.74923591   1.08797723
  0.75860864   1.24360255
  0.76917747   1.42148868
  0.78109497   1.62481981
  0.79452780   1.85723562
  0.80969983   2.12289642
  0.82686046   2.42655760
  0.84625890   2.77365477
  0.86817447   3.17040105
  0.89292041   3.62389832
  0.92084899   4.14226427
  0.95235676   4.73477780
  0.98789056   5.41204505
  1.02795419   6.18618926
  1.07312131   7.07106781
  1.12403443   8.08252026
  1.18143007   9.23865185
  1.24614343  10.56015764
  1.31912461  12.07069291
  1.40145308  13.79729661
  1.49436674  15.77087540
  1.59929433  18.02675683
  1.71782658  20.60532174
  1.85183680  23.55272709
  2.00341431  26.92173218
  2.17502560  30.77264306
  2.36941695  35.17439198
  2.58976161  40.20577138
  2.83975348  45.95684420
  3.12346690  52.53055609
  3.44543169  60.04457815
  3.81032900  68.63341327
  4.22197629  78.45080376
  4.68040952  89.67248338
  5.17516512 102.49932301
  5.67524014 117.16092631
  6.12522459 133.91973968
  6.46689529 153.07575008
  6.67342782 174.97185493
  6.76379887 200.00000000
