  1.00000000   0.25000000
  1.00000000   0.28576024
  1.00000000   0.32663567
  1.00000000   0.37335795
  1.00000000   0.42676344
  1.00000000   0.48780810
  1.00000000   0.55758465
  1.00000000   0.63734210
  1.00000000   0.72850814
  1.00000000   0.83271465
  1.00000000   0.95182697
  1.00000000   1.08797723
  1.00000000   1.24360255
  1.00000000   1.42148868
  1.00000000   1.62481981
  1.00000000   1.85723562
  0.86000000   2.12289642
  0.76000000   2.42655760
  0.68000000   2.77365477
  0.60000000   3.17040105
  0.54000000   3.62389832
  0.48000000   4.14226427
  0.42000000   4.73477780
  0.38000000   5.41204505
  0.34000000   6.18618926
  0.32000000   7.07106781
  0.28000000   8.08252026
  0.26000000   9.23865185
  0.24000000  10.56015764
  0.22000000  12.07069291
  0.20000000  13.79729661
  0.18000000  15.77087540
  0.18000000  18.02675683
  0.16000000  20.60532174
  0.16000000  23.55272709
  0.16000000  26.92173218
  0.14000000  30.77264306
  0.14000000  35.17439198
  0.14000000  40.20577138
  0.14000000  45.95684420
  0.12000000  52.53055609
  0.12000000  60.04457815
  0.12000000  68.63341327
  0.12000000  78.45080376
  0.12000000  89.67248338
  0.12000000 102.49932301
  0.12000000 117.16092631
  0.12000000 133.91973968
  0.12000000 153.07575008
  0.10000000 174.97185493
  0.10000000 200.00000000
  0.25000000   0.25000000
  0.28576024   0.28576024
  0.32663567   0.32663567
  0.37335795   0.37335795
  0.42676344   0.42676344
  0.48780810   0.48780810
  0.55758465   0.55758465
  0.63734210   0.63734210
  0.67836682   0.72850814
  0.68769552   0.83271465
  0.70520171   0.95182697
  0.72169006   1.08797723
  0.74444734   1.24360255
  0.76866147   1.42148868
  0.79312646   1.62481981
  0.81877388   1.85723562
  0.84643163   2.12289642
  0.87571172   2.42655760
  0.90437321   2.77365477
  0.93690396   3.17040105
  0.97205491   3.62389832
  1.00834053   4.14226427
  1.04981648   4.73477780
  1.09383885   5.41204505
  1.14415822   6.18618926
  1.20167533   7.07106781
  1.26236248   8.08252026
  1.33751103   9.23865185
  1.41680138  10.56015764
  1.51498617  12.07069291
  1.61858239  13.79729661
  1.73699712  15.77087540
  1.88362941  18.02675683
  2.03834331  20.60532174
  2.22992465  23.55272709
  2.43206496  26.92173218
  2.68237417  30.77264306
  2.94647910  35.17439198
  3.27351876  40.20577138
  3.61858313  45.95684420
  4.04587440  52.53055609
  4.49671573  60.04457815
  5.01204584  68.63341327
  5.65017622  78.45080376
  6.32347699  89.67248338
  7.15722157 102.49932301
  8.03691777 117.16092631
  9.12624064 133.91973968
 10.27560126 153.07575008
 11.69884808 174.97185493
 13.20053678 200.00000000
  1.43726009   0.25000000
  1.46896501   0.28576024
  1.49787210   0.32663567
  1.52411112   0.37335795
  1.54783223   0.42676344
  1.56919879   0.48780810
  1.58838122   0.55758465
  1.60555193   0.63734210
  1.62155168   0.72850814
  1.63951304   0.83271465
  1.65959251   0.95182697
  1.68195193   1.08797723
  1.70684256   1.24360255
  1.73449809   1.42148868
  1.76518758   1.62481981
  1.79923541   1.85723562
  1.83714862   2.12289642
  1.87955801   2.42655760
  1.92715125   2.77365477
  1.98071828   3.17040105
  2.04116812   3.62389832
  2.10955854   4.14226427
  2.18711221   4.73477780
  2.27525183   5.41204505
  2.37561587   6.18618926
  2.49008125   7.07106781
  2.62078484   8.08252026
  2.77011562   9.23865185
  2.94078959  10.56015764
  3.13587264  12.07069291
  3.35885910  13.79729661
  3.61372553  15.77087540
  3.90508224  18.02675683
  4.23806722  20.60532174
  4.61875496  23.55272709
  5.05378286  26.92173218
  5.55109025  30.77264306
  6.11967930  35.17439198
  6.76946634  40.20577138
  7.51193778  45.95684420
  8.36080015  52.53055609
  9.33142666  60.04457815
 10.44089430  68.63341327
 11.70891950  78.45080376
 13.15809683  89.67248338
 14.81439470 102.49932301
 16.70743134 117.16092631
 18.87106197 133.91973968
 21.34408426 153.07575008
 24.17154423 174.97185493
 27.40173708 200.00000000
