  1.00000000   0.25000000
  1.00000000   0.28576024
  1.00000000   0.32663567
  1.00000000   0.37335795
  1.00000000   0.42676344
  1.00000000   0.48780810
  1.00000000   0.55758465
  1.00000000   0.63734210
  1.00000000   0.72850814
  1.00000000   0.83271465
  1.00000000   0.95182697
  1.00000000   1.08797723
  1.00000000   1.24360255
  1.00000000   1.42148868
  1.00000000   1.62481981
  1.00000000   1.85723562
  0.90000000   2.12289642
  0.78000000   2.42655760
  0.68000000   2.77365477
  0.60000000   3.17040105
  0.54000000   3.62389832
  0.48000000   4.14226427
  0.44000000   4.73477780
  0.40000000   5.41204505
  0.36000000   6.18618926
  0.32000000   7.07106781
  0.30000000   8.08252026
  0.28000000   9.23865185
  0.26000000  10.56015764
  0.24000000  12.07069291
  0.22000000  13.79729661
  0.22000000  15.77087540
  0.20000000  18.02675683
  0.18000000  20.60532174
  0.18000000  23.55272709
  0.18000000  26.92173218
  0.16000000  30.77264306
  0.16000000  35.17439198
  0.16000000  40.20577138
  0.14000000  45.95684420
  0.14000000  52.53055609
  0.14000000  60.04457815
  0.14000000  68.63341327
  0.12000000  78.45080376
  0.12000000  89.67248338
  0.12000000 102.49932301
  0.12000000 117.16092631
  0.12000000 133.91973968
  0.12000000 153.07575008
  0.10000000 174.97185493
  0.12000000 200.00000000
  0.24975000   0.25000000
  0.28551024   0.28576024
  0.32638567   0.32663567
  0.37310795   0.37335795
  0.42651344   0.42676344
  0.48755810   0.48780810
  0.51895755   0.55758465
  0.52693329   0.63734210
  0.53149159   0.72850814
  0.54069498   0.83271465
  0.54903086   0.95182697
  0.56115243   1.08797723
  0.57139022   1.24360255
  0.58401037   1.42148868
  0.59661323   1.62481981
  0.61055818   1.85723562
  0.62516952   2.12289642
  0.64187089   2.42655760
  0.66096123   2.77365477
  0.68079855   3.17040105
  0.70347341   3.62389832
  0.72939171   4.14226427
  0.75901738   4.73477780
  0.79288075   5.41204505
  0.82771723   6.18618926
  0.87196116   7.07106781
  0.91747652   8.08252026
  0.96950244   9.23865185
  1.02897020  10.56015764
  1.09694429  12.07069291
  1.16600844  13.79729661
  1.25481949  15.77087540
  1.34505474  18.02675683
  1.44819734  20.60532174
  1.58083058  23.55272709
  1.71559078  26.92173218
  1.86962722  30.77264306
  2.04569718  35.17439198
  2.24695235  40.20577138
  2.44823990  45.95684420
  2.71118838  52.53055609
  3.01174926  60.04457815
  3.35530266  68.63341327
  3.69891133  78.45080376
  4.14777851  89.67248338
  4.72498630 102.49932301
  5.45806646 117.16092631
  6.63118340 133.91973968
  8.54678444 153.07575008
 10.73639492 174.97185493
 13.23920943 200.00000000
  0.75086220   0.25000000
  0.75944144   0.28576024
  0.76710766   0.32663567
  0.77394117   0.37335795
  0.78001907   0.42676344
  0.78541435   0.48780810
  0.79039582   0.55758465
  0.79591038   0.63734210
  0.80213911   0.72850814
  0.80916983   0.83271465
  0.81709960   0.95182697
  0.82603912   1.08797723
  0.83611133   1.24360255
  0.84745777   1.42148868
  0.86024295   1.62481981
  0.87464960   1.85723562
  0.89089701   2.12289642
  0.90927211   2.42655760
  0.93004734   2.77365477
  0.95352543   3.17040105
  0.98004635   3.62389832
  1.00999354   4.14226427
  1.04379889   4.73477780
  1.08195166   5.41204505
  1.12500603   6.18618926
  1.17358768   7.07106781
  1.22841249   8.08252026
  1.29028407   9.23865185
  1.36012372  10.56015764
  1.43898041  12.07069291
  1.52805061  13.79729661
  1.62870107  15.77087540
  1.74249917  18.02675683
  1.87121413  20.60532174
  2.01692583  23.55272709
  2.18193877  26.92173218
  2.36898084  30.77264306
  2.58109520  35.17439198
  2.82180825  40.20577138
  3.09522401  45.95684420
  3.40593268  52.53055609
  3.75918062  60.04457815
  4.16092640  68.63341327
  4.61759384  78.45080376
  5.13477722  89.67248338
  5.71295781 102.49932301
  6.33663397 117.16092631
  6.95481565 133.91973968
  7.47562546 153.07575008
  7.81318316 174.97185493
  7.96108090 200.00000000
