  1.00000000   0.25000000
  1.00000000   0.28576024
  1.00000000   0.32663567
  1.00000000   0.37335795
  1.00000000   0.42676344
  1.00000000   0.48780810
  1.00000000   0.55758465
  1.00000000   0.63734210
  1.00000000   0.72850814
  1.00000000   0.83271465
  1.00000000   0.95182697
  1.00000000   1.08797723
  1.00000000   1.24360255
  1.00000000   1.42148868
  1.00000000   1.62481981
  1.00000000   1.85723562
  0.92000000   2.12289642
  0.82000000   2.42655760
  0.72000000   2.77365477
  0.64000000   3.17040105
  0.58000000   3.62389832
  0.52000000   4.14226427
  0.46000000   4.73477780
  0.42000000   5.41204505
  0.38000000   6.18618926
  0.34000000   7.07106781
  0.30000000   8.08252026
  0.28000000   9.23865185
  0.26000000  10.56015764
  0.24000000  12.07069291
  0.22000000  13.79729661
  0.20000000  15.77087540
  0.18000000  18.02675683
  0.18000000  20.60532174
  0.16000000  23.55272709
  0.16000000  26.92173218
  0.16000000  30.77264306
  0.14000000  35.17439198
  0.14000000  40.20577138
  0.14000000  45.95684420
  0.14000000  52.53055609
  0.12000000  60.04457815
  0.12000000  68.63341327
  0.12000000  78.45080376
  0.12000000  89.67248338
  0.12000000 102.49932301
  0.12000000 117.16092631
  0.12000000 133.91973968
  0.12000000 153.07575008
  0.12000000 174.97185493
  0.10000000 200.00000000
  0.25000000   0.25000000
  0.28576024   0.28576024
  0.32663567   0.32663567
  0.37335795   0.37335795
  0.42676344   0.42676344
  0.48780810   0.48780810
  0.55758465   0.55758465
  0.63734210   0.63734210
  0.66469191   0.72850814
  0.67823826   0.83271465
  0.69533255   0.95182697
  0.71139105   1.08797723
  0.73347547   1.24360255
  0.75351362   1.42148868
  0.77665909   1.62481981
  0.80289886   1.85723562
  0.82993930   2.12289642
  0.85692921   2.42655760
  0.88611485   2.77365477
  0.91519802   3.17040105
  0.94921032   3.62389832
  0.98290410   4.14226427
  1.02141748   4.73477780
  1.06205352   5.41204505
  1.10850217   6.18618926
  1.15717049   7.07106781
  1.21785764   8.08252026
  1.28144487   9.23865185
  1.35412769  10.56015764
  1.43720713  12.07069291
  1.53217034  13.79729661
  1.64071717  15.77087540
  1.76479065  18.02675683
  1.90661172  20.60532174
  2.06871901  23.55272709
  2.25401429  26.92173218
  2.46581439  30.77264306
  2.70791058  35.17439198
  2.98463645  40.20577138
  3.30094545  45.95684420
  3.66249961  52.53055609
  4.07577082  60.04457815
  4.54815675  68.63341327
  5.08811323  78.45080376
  5.70530561  89.67248338
  6.41078179 102.49932301
  7.21716997 117.16092631
  8.13890471 133.91973968
  9.19248528 153.07575008
 10.39677104 174.97185493
 11.77331902 200.00000000
  1.28920857   0.25000000
  1.31466026   0.28576024
  1.33776557   0.32663567
  1.35865592   0.37335795
  1.37747453   0.42676344
  1.39437095   0.48780810
  1.40949657   0.55758465
  1.42300107   0.63734210
  1.43572592   0.72850814
  1.45023819   0.83271465
  1.46634535   0.95182697
  1.48427795   1.08797723
  1.50424369   1.24360255
  1.52642429   1.42148868
  1.55103010   1.62481981
  1.57830832   1.85723562
  1.60859140   2.12289642
  1.64237474   2.42655760
  1.68018530   2.77365477
  1.72262596   3.17040105
  1.77038431   3.62389832
  1.82425387   4.14226427
  1.88515405   4.73477780
  1.95415090   5.41204505
  2.03248426   6.18618926
  2.12159103   7.07106781
  2.22312125   8.08252026
  2.33897188   9.23865185
  2.47127588  10.56015764
  2.62246057  12.07069291
  2.79525715  13.79729661
  2.99276573  15.77087540
  3.21850993  18.02675683
  3.47657373  20.60532174
  3.77151236  23.55272709
  4.10870582  26.92173218
  4.49401820  30.77264306
  4.93450245  35.17439198
  5.43812832  40.20577138
  6.01367337  45.95684420
  6.67128511  52.53055609
  7.42314199  60.04457815
  8.28285452  68.63341327
  9.26559842  78.45080376
 10.38876317  89.67248338
 11.67237904 102.49932301
 13.13939031 117.16092631
 14.81612767 133.91973968
 16.73232354 153.07575008
 18.92308321 174.97185493
 21.42273530 200.00000000
