  1.00000000   0.25000000
  1.00000000   0.28576024
  1.00000000   0.32663567
  1.00000000   0.37335795
  1.00000000   0.42676344
  1.00000000   0.48780810
  1.00000000   0.55758465
  1.00000000   0.63734210
  1.00000000   0.72850814
  1.00000000   0.83271465
  1.00000000   0.95182697
  1.00000000   1.08797723
  1.00000000   1.24360255
  1.00000000   1.42148868
  1.00000000   1.62481981
  1.00000000   1.85723562
  0.90000000   2.12289642
  0.78000000   2.42655760
  0.70000000   2.77365477
  0.62000000   3.17040105
  0.54000000   3.62389832
  0.48000000   4.14226427
  0.44000000   4.73477780
  0.40000000   5.41204505
  0.36000000   6.18618926
  0.34000000   7.07106781
  0.32000000   8.08252026
  0.28000000   9.23865185
  0.26000000  10.56015764
  0.24000000  12.07069291
  0.24000000  13.79729661
  0.22000000  15.77087540
  0.20000000  18.02675683
  0.20000000  20.60532174
  0.18000000  23.55272709
  0.18000000  26.92173218
  0.18000000  30.77264306
  0.16000000  35.17439198
  0.16000000  40.20577138
  0.16000000  45.95684420
  0.14000000  52.53055609
  0.14000000  60.04457815
  0.14000000  68.63341327
  0.14000000  78.45080376
  0.14000000  89.67248338
  0.16000000 102.49932301
  0.16000000 117.16092631
  0.16000000 133.91973968
  0.16000000 153.07575008
  0.14000000 174.97185493
  0.12000000 200.00000000
  0.24975000   0.25000000
  0.28551024   0.28576024
  0.32638567   0.32663567
  0.37310795   0.37335795
  0.42651344   0.42676344
  0.46619247   0.48780810
  0.47317012   0.55758465
  0.47715800   0.63734210
  0.48627460   0.72850814
  0.49142549   0.83271465
  0.49815193   0.95182697
  0.50750347   1.08797723
  0.51628382   1.24360255
  0.52703611   1.42148868
  0.53821933   1.62481981
  0.55100220   1.85723562
  0.56428524   2.12289642
  0.57794999   2.42655760
  0.59530485   2.77365477
  0.61315843   3.17040105
  0.63356581   3.62389832
  0.65689228   4.14226427
  0.68355538   4.73477780
  0.71064607   5.41204505
  0.74548256   6.18618926
  0.78087771   7.07106781
  0.82133580   8.08252026
  0.86758107   9.23865185
  0.92044130  10.56015764
  0.98086271  12.07069291
  1.04129384  13.79729661
  1.12023699  15.77087540
  1.19919284  18.02675683
  1.30233544  20.60532174
  1.40549462  23.55272709
  1.52340980  26.92173218
  1.65819168  30.77264306
  1.81225290  35.17439198
  1.98835117  40.20577138
  2.18963872  45.95684420
  2.41971864  52.53055609
  2.72027952  60.04457815
  3.06383293  68.63341327
  3.50561550  78.45080376
  4.12280788  89.67248338
  4.95655245 102.49932301
  6.12948072 117.16092631
  7.80536205 133.91973968
  9.72096309 153.07575008
 11.91057358 174.97185493
 14.41338809 200.00000000
  0.59456295   0.25000000
  0.59992947   0.28576024
  0.60470337   0.32663567
  0.60894173   0.37335795
  0.61269805   0.42676344
  0.61606762   0.48780810
  0.61968397   0.55758465
  0.62377706   0.63734210
  0.62840656   0.72850814
  0.63364016   0.83271465
  0.63955084   0.95182697
  0.64622175   1.08797723
  0.65374612   1.24360255
  0.66223153   1.42148868
  0.67180022   1.62481981
  0.68258620   1.85723562
  0.69475039   2.12289642
  0.70850280   2.42655760
  0.72404233   2.77365477
  0.74158940   3.17040105
  0.76138962   3.62389832
  0.78371756   4.14226427
  0.80888298   4.73477780
  0.83723044   5.41204505
  0.86914850   6.18618926
  0.90507686   7.07106781
  0.94550609   8.08252026
  0.99099785   9.23865185
  1.04218025  10.56015764
  1.09976929  12.07069291
  1.16458337  13.79729661
  1.23754103  15.77087540
  1.31968221  18.02675683
  1.41220967  20.60532174
  1.51645731  23.55272709
  1.63395343  26.92173218
  1.76636633  30.77264306
  1.91556414  35.17439198
  2.08342347  40.20577138
  2.27172786  45.95684420
  2.48178307  52.53055609
  2.71362132  60.04457815
  2.96471292  68.63341327
  3.22837434  78.45080376
  3.49257487  89.67248338
  3.74104243 102.49932301
  3.95768727 117.16092631
  4.13170340 133.91973968
  4.25945341 153.07575008
  4.34146277 174.97185493
  4.38286135 200.00000000
