  1.00000000   0.25000000
  1.00000000   0.28576024
  1.00000000   0.32663567
  1.00000000   0.37335795
  1.00000000   0.42676344
  1.00000000   0.48780810
  1.00000000   0.55758465
  1.00000000   0.63734210
  1.00000000   0.72850814
  1.00000000   0.83271465
  1.00000000   0.95182697
  1.00000000   1.08797723
  1.00000000   1.24360255
  1.00000000   1.42148868
  1.00000000   1.62481981
  1.00000000   1.85723562
  1.00000000   2.12289642
  0.92000000   2.42655760
  0.82000000   2.77365477
  0.72000000   3.17040105
  0.64000000   3.62389832
  0.58000000   4.14226427
  0.52000000   4.73477780
  0.46000000   5.41204505
  0.42000000   6.18618926
  0.38000000   7.07106781
  0.34000000   8.08252026
  0.32000000   9.23865185
  0.28000000  10.56015764
  0.26000000  12.07069291
  0.24000000  13.79729661
  0.22000000  15.77087540
  0.22000000  18.02675683
  0.20000000  20.60532174
  0.18000000  23.55272709
  0.18000000  26.92173218
  0.16000000  30.77264306
  0.16000000  35.17439198
  0.16000000  40.20577138
  0.14000000  45.95684420
  0.14000000  52.53055609
  0.14000000  60.04457815
  0.14000000  68.63341327
  0.12000000  78.45080376
  0.12000000  89.67248338
  0.12000000 102.49932301
  0.12000000 117.16092631
  0.12000000 133.91973968
  0.12000000 153.07575008
  0.08000000 174.97185493
  0.10000000 200.00000000
  0.24975000   0.25000000
  0.28551024   0.28576024
  0.32638567   0.32663567
  0.37310795   0.37335795
  0.42651344   0.42676344
  0.48755810   0.48780810
  0.55733465   0.55758465
  0.63310423   0.63734210
  0.64222083   0.72850814
  0.65504131   0.83271465
  0.66711243   0.95182697
  0.68566277   1.08797723
  0.70267933   1.24360255
  0.72072183   1.42148868
  0.74103261   1.62481981
  0.76103491   1.85723562
  0.78471586   2.12289642
  0.80798962   2.42655760
  0.83228643   2.77365477
  0.85807493   3.17040105
  0.88528477   3.62389832
  0.91638673   4.14226427
  0.94897497   4.73477780
  0.98622467   5.41204505
  1.02493188   6.18618926
  1.06917581   7.07106781
  1.11974843   8.08252026
  1.17177435   9.23865185
  1.23124211  10.56015764
  1.29921620  12.07069291
  1.37691337  13.79729661
  1.46572441  15.77087540
  1.56723908  18.02675683
  1.68327450  20.60532174
  1.81590774  23.55272709
  1.96751297  26.92173218
  2.12154940  30.77264306
  2.31962810  35.17439198
  2.54604018  40.20577138
  2.80483845  45.95684420
  3.06778693  52.53055609
  3.40591792  60.04457815
  3.79241550  68.63341327
  4.18511112  78.45080376
  4.69008670  89.67248338
  5.26729449 102.49932301
  5.85375862 117.16092631
  6.60790522 133.91973968
  7.46992569 153.07575008
  8.56473093 174.97185493
 11.06754544 200.00000000
  1.03302521   0.25000000
  1.04933390   0.28576024
  1.06402644   0.32663567
  1.07721922   0.37335795
  1.08903015   0.42676344
  1.09957584   0.48780810
  1.10896946   0.55758465
  1.11732440   0.63734210
  1.12580833   0.72850814
  1.13530851   0.83271465
  1.14592377   0.95182697
  1.15776510   1.08797723
  1.17095227   1.24360255
  1.18561886   1.42148868
  1.20191900   1.62481981
  1.22004026   1.85723562
  1.24020972   2.12289642
  1.26270732   2.42655760
  1.28790086   2.77365477
  1.31616495   3.17040105
  1.34792138   3.62389832
  1.38365484   4.14226427
  1.42392282   4.73477780
  1.46936666   5.41204505
  1.52072879   6.18618926
  1.57886577   7.07106781
  1.64476809   8.08252026
  1.71958424   9.23865185
  1.80462696  10.56015764
  1.90142361  12.07069291
  2.01169853  13.79729661
  2.13741779  15.77087540
  2.28081683  18.02675683
  2.44444478  20.60532174
  2.63116337  23.55272709
  2.84427752  26.92173218
  3.08756668  30.77264306
  3.36532394  35.17439198
  3.68242368  40.20577138
  4.04464672  45.95684420
  4.45836512  52.53055609
  4.93081384  60.04457815
  5.47042404  68.63341327
  6.08711865  78.45080376
  6.79192557  89.67248338
  7.59729113 102.49932301
  8.51748270 117.16092631
  9.56888209 133.91973968
 10.76948926 153.07575008
 12.10684206 174.97185493
 13.18090756 200.00000000
