  1.00000000   0.25000000
  1.00000000   0.28576024
  1.00000000   0.32663567
  1.00000000   0.37335795
  1.00000000   0.42676344
  1.00000000   0.48780810
  1.00000000   0.55758465
  1.00000000   0.63734210
  1.00000000   0.72850814
  1.00000000   0.83271465
  1.00000000   0.95182697
  1.00000000   1.08797723
  1.00000000   1.24360255
  1.00000000   1.42148868
  1.00000000   1.62481981
  1.00000000   1.85723562
  1.00000000   2.12289642
  1.00000000   2.42655760
  0.92000000   2.77365477
  0.80000000   3.17040105
  0.70000000   3.62389832
  0.62000000   4.14226427
  0.56000000   4.73477780
  0.50000000   5.41204505
  0.46000000   6.18618926
  0.42000000   7.07106781
  0.38000000   8.08252026
  0.34000000   9.23865185
  0.32000000  10.56015764
  0.30000000  12.07069291
  0.28000000  13.79729661
  0.26000000  15.77087540
  0.24000000  18.02675683
  0.22000000  20.60532174
  0.22000000  23.55272709
  0.20000000  26.92173218
  0.20000000  30.77264306
  0.18000000  35.17439198
  0.18000000  40.20577138
  0.18000000  45.95684420
  0.16000000  52.53055609
  0.16000000  60.04457815
  0.16000000  68.63341327
  0.16000000  78.45080376
  0.16000000  89.67248338
  0.16000000 102.49932301
  0.16000000 117.16092631
  0.16000000 133.91973968
  0.16000000 153.07575008
  0.16000000 174.97185493
  0.12000000 200.00000000
  0.24975000   0.25000000
  0.28551024   0.28576024
  0.32638567   0.32663567
  0.37310795   0.37335795
  0.42651344   0.42676344
  0.48755810   0.48780810
  0.55733465   0.55758465
  0.60120125   0.63734210
  0.60575955   0.72850814
  0.61738898   0.83271465
  0.62461643   0.95182697
  0.63435845   1.08797723
  0.64573715   1.24360255
  0.65767244   1.42148868
  0.67063870   1.62481981
  0.68420976   1.85723562
  0.70014940   2.12289642
  0.71685077   2.42655760
  0.73420563   2.77365477
  0.75404294   3.17040105
  0.77445032   3.62389832
  0.79777679   4.14226427
  0.82443990   4.73477780
  0.85491692   5.41204505
  0.88975341   6.18618926
  0.92957295   7.07106781
  0.97003104   8.08252026
  1.01627631   9.23865185
  1.06913654  10.56015764
  1.12955795  12.07069291
  1.19862210  13.79729661
  1.27756525  15.77087540
  1.35652110  18.02675683
  1.45966370  20.60532174
  1.56282288  23.55272709
  1.68073806  26.92173218
  1.81551994  30.77264306
  1.96958115  35.17439198
  2.14567943  40.20577138
  2.34696698  45.95684420
  2.57704690  52.53055609
  2.84003767  60.04457815
  3.14064690  68.63341327
  3.53334252  78.45080376
  3.98220970  89.67248338
  4.55941749 102.49932301
  5.29249765 117.16092631
  6.38182052 133.91973968
  7.91430135 153.07575008
 10.10391184 174.97185493
 12.60672635 200.00000000
  0.73908453   0.25000000
  0.74739526   0.28576024
  0.75481902   0.32663567
  0.76143440   0.37335795
  0.76731670   0.42676344
  0.77253710   0.48780810
  0.77716218   0.55758465
  0.78136750   0.63734210
  0.78596406   0.72850814
  0.79115474   0.83271465
  0.79701009   0.95182697
  0.80360907   1.08797723
  0.81104012   1.24360255
  0.81940217   1.42148868
  0.82880622   1.62481981
  0.83937800   1.85723562
  0.85126257   2.12289642
  0.86462550   2.42655760
  0.87966321   2.77365477
  0.89663167   3.17040105
  0.91577284   3.62389832
  0.93734909   4.14226427
  0.96165196   4.73477780
  0.98900629   5.41204505
  1.01977436   6.18618926
  1.05436179   7.07106781
  1.09322443   8.08252026
  1.13686980   9.23865185
  1.18587259  10.56015764
  1.24087525  12.07069291
  1.30260583  13.79729661
  1.37188416  15.77087540
  1.44963471  18.02675683
  1.53689327  20.60532174
  1.63484393  23.55272709
  1.74479350  26.92173218
  1.86820435  30.77264306
  2.00668648  35.17439198
  2.16196082  40.20577138
  2.33577641  45.95684420
  2.52984996  52.53055609
  2.74546042  60.04457815
  2.98305362  68.63341327
  3.24149439  78.45080376
  3.51701208  89.67248338
  3.80202782 102.49932301
  4.08461015 117.16092631
  4.34930998 133.91973968
  4.57927421 153.07575008
  4.75672452 174.97185493
  4.86708622 200.00000000
