  1.00000000   0.25000000
  1.00000000   0.28576024
  1.00000000   0.32663567
  1.00000000   0.37335795
  1.00000000   0.42676344
  1.00000000   0.48780810
  1.00000000   0.55758465
  1.00000000   0.63734210
  1.00000000   0.72850814
  1.00000000   0.83271465
  1.00000000   0.95182697
  1.00000000   1.08797723
  1.00000000   1.24360255
  1.00000000   1.42148868
  0.96000000   1.62481981
  0.82000000   1.85723562
  0.70000000   2.12289642
  0.62000000   2.42655760
  0.54000000   2.77365477
  0.46000000   3.17040105
  0.42000000   3.62389832
  0.36000000   4.14226427
  0.32000000   4.73477780
  0.30000000   5.41204505
  0.26000000   6.18618926
  0.24000000   7.07106781
  0.22000000   8.08252026
  0.20000000   9.23865185
  0.20000000  10.56015764
  0.18000000  12.07069291
  0.18000000  13.79729661
  0.16000000  15.77087540
  0.16000000  18.02675683
  0.14000000  20.60532174
  0.14000000  23.55272709
  0.14000000  26.92173218
  0.14000000  30.77264306
  0.12000000  35.17439198
  0.12000000  40.20577138
  0.12000000  45.95684420
  0.12000000  52.53055609
  0.12000000  60.04457815
  0.12000000  68.63341327
  0.12000000  78.45080376
  0.12000000  89.67248338
  0.12000000 102.49932301
  0.10000000 117.16092631
  0.10000000 133.91973968
  0.10000000 153.07575008
  0.10000000 174.97185493
  0.10000000 200.00000000
  0.25000000   0.25000000
  0.28576024   0.28576024
  0.32663567   0.32663567
  0.37335795   0.37335795
  0.42676344   0.42676344
  0.48780810   0.48780810
  0.55758465   0.55758465
  0.63734210   0.63734210
  0.69204172   0.72850814
  0.70648148   0.83271465
  0.72938700   0.95182697
  0.75131416   1.08797723
  0.77600685   1.24360255
  0.80262646   1.42148868
  0.83347810   1.62481981
  0.86051515   1.85723562
  0.89210596   2.12289642
  0.92478251   2.42655760
  0.95806068   2.77365477
  0.99541002   3.17040105
  1.03793616   3.62389832
  1.08356923   4.14226427
  1.13863299   4.73477780
  1.19958704   5.41204505
  1.26926002   6.18618926
  1.34889909   7.07106781
  1.43487255   8.08252026
  1.53892439   9.23865185
  1.65785991  10.56015764
  1.79380809  12.07069291
  1.94920242  13.79729661
  2.12682451  15.77087540
  2.32985384  18.02675683
  2.56192468  20.60532174
  2.81245414  23.55272709
  3.11566460  26.92173218
  3.46224657  30.77264306
  3.85840398  35.17439198
  4.31122812  40.20577138
  4.82882468  45.95684420
  5.42045875  52.53055609
  6.09672073  60.04457815
  6.82677172  68.63341327
  7.71033686  78.45080376
  8.72028803  89.67248338
  9.87470359 102.49932301
 11.19424789 117.16092631
 12.70254109 133.91973968
 14.42658203 153.07575008
 16.39723147 174.97185493
 18.52462380 200.00000000
  1.93312520   0.25000000
  1.99092067   0.28576024
  2.04439393   0.32663567
  2.09358793   0.37335795
  2.13860914   0.42676344
  2.17961480   0.48780810
  2.21680062   0.55758465
  2.25038934   0.63734210
  2.28148320   0.72850814
  2.31524219   0.83271465
  2.35303783   0.95182697
  2.39517958   1.08797723
  2.44211762   1.24360255
  2.49433549   1.42148868
  2.55243149   1.62481981
  2.61742777   1.85723562
  2.69051307   2.12289642
  2.77302539   2.42655760
  2.86650806   2.77365477
  2.97273147   3.17040105
  3.09372844   3.62389832
  3.23179136   4.14226427
  3.38949569   4.73477780
  3.56973207   5.41204505
  3.77574114   6.18618926
  4.01121651   7.07106781
  4.28037256   8.08252026
  4.58802444   9.23865185
  4.93968572  10.56015764
  5.34166163  12.07069291
  5.80107391  13.79729661
  6.32630438  15.77087540
  6.92657718  18.02675683
  7.61267362  20.60532174
  8.39711870  23.55272709
  9.29366996  26.92173218
 10.31815640  30.77264306
 11.48934657  35.17439198
 12.82846436  40.20577138
 14.35911306  45.95684420
 16.10850020  52.53055609
 18.10794165  60.04457815
 20.39321440  68.63341327
 23.00524175  78.45080376
 25.99073320  89.67248338
 29.40316965 102.49932301
 33.30427057 117.16092631
 37.76403628 133.91973968
 42.86179432 153.07575008
 48.68864526 174.97185493
 55.34894988 200.00000000
