  1.00000000   0.25000000
  1.00000000   0.28576024
  1.00000000   0.32663567
  1.00000000   0.37335795
  1.00000000   0.42676344
  1.00000000   0.48780810
  1.00000000   0.55758465
  1.00000000   0.63734210
  1.00000000   0.72850814
  1.00000000   0.83271465
  1.00000000   0.95182697
  1.00000000   1.08797723
  0.76000000   1.24360255
  0.60000000   1.42148868
  0.48000000   1.62481981
  0.40000000   1.85723562
  0.34000000   2.12289642
  0.30000000   2.42655760
  0.26000000   2.77365477
  0.24000000   3.17040105
  0.22000000   3.62389832
  0.20000000   4.14226427
  0.18000000   4.73477780
  0.18000000   5.41204505
  0.16000000   6.18618926
  0.16000000   7.07106781
  0.14000000   8.08252026
  0.14000000   9.23865185
  0.14000000  10.56015764
  0.14000000  12.07069291
  0.12000000  13.79729661
  0.12000000  15.77087540
  0.12000000  18.02675683
  0.12000000  20.60532174
  0.12000000  23.55272709
  0.12000000  26.92173218
  0.12000000  30.77264306
  0.12000000  35.17439198
  0.12000000  40.20577138
  0.10000000  45.95684420
  0.10000000  52.53055609
  0.10000000  60.04457815
  0.10000000  68.63341327
  0.10000000  78.45080376
  0.10000000  89.67248338
  0.10000000 102.49932301
  0.10000000 117.16092631
  0.10000000 133.91973968
  0.10000000 153.07575008
  0.10000000 174.97185493
  0.10000000 200.00000000
  0.25000000   0.25000000
  0.28576024   0.28576024
  0.32663567   0.32663567
  0.37335795   0.37335795
  0.42676344   0.42676344
  0.48780810   0.48780810
  0.55758465   0.55758465
  0.63734210   0.63734210
  0.70115833   0.72850814
  0.73554598   0.83271465
  0.76493144   0.95182697
  0.80311117   1.08797723
  0.84054676   1.24360255
  0.88109677   1.42148868
  0.92392075   1.62481981
  0.97577670   1.85723562
  1.03473844   2.12289642
  1.10011894   2.42655760
  1.17554364   2.77365477
  1.26049318   3.17040105
  1.36009898   3.62389832
  1.47324382   4.14226427
  1.60219790   4.73477780
  1.74990887   5.41204505
  1.91849454   6.18618926
  2.11095343   7.07106781
  2.33108666   8.08252026
  2.58273360   9.23865185
  2.87068287  10.56015764
  3.19964840  12.07069291
  3.57561402  13.79729661
  4.00537226  15.77087540
  4.49655301  18.02675683
  5.05798649  20.60532174
  5.69977295  23.55272709
  6.43338443  26.92173218
  7.27195514  30.77264306
  8.23043675  35.17439198
  9.32601043  40.20577138
 10.57829588  45.95684420
 12.00970616  52.53055609
 13.64587376  60.04457815
 15.51609026  68.63341327
 17.65382658  78.45080376
 20.09734444  89.67248338
 22.89037768 102.49932301
 26.08292812 117.16092631
 29.73214507 133.91973968
 33.90335081 153.07575008
 38.67121211 174.97185493
 44.12107411 200.00000000
  3.72142541   0.25000000
  3.94170451   0.28576024
  4.15697244   0.32663567
  4.36555244   0.37335795
  4.56598497   0.42676344
  4.75706086   0.48780810
  4.93783928   0.55758465
  5.10765084   0.63734210
  5.26875737   0.72850814
  5.44239408   0.83271465
  5.63712980   0.95182697
  5.85553271   1.08797723
  6.10197399   1.24360255
  6.38250651   1.42148868
  6.70287919   1.62481981
  7.06910160   1.85723562
  7.48770261   2.12289642
  7.96617776   2.42655760
  8.51307213   2.77365477
  9.13821700   3.17040105
  9.85279127   3.62389832
 10.66958265   4.14226427
 11.60317638   4.73477780
 12.67029420   5.41204505
 13.89009356   6.18618926
 15.28438899   7.07106781
 16.87799847   8.08252026
 18.69981577   9.23865185
 20.78206566  10.56015764
 23.16188898  12.07069291
 25.88236673  13.79729661
 28.99235031  15.77087540
 32.54698719  18.02675683
 36.60994841  20.60532174
 41.25393858  23.55272709
 46.56208001  26.92173218
 52.62937999  30.77264306
 59.56441992  35.17439198
 67.49139591  40.20577138
 76.55293055  45.95684420
 86.91094997  52.53055609
 98.75050351  60.04457815
112.28355433  68.63341327
127.75233826  78.45080376
145.43375078  89.67248338
165.64429535 102.49932301
188.74574934 117.16092631
215.15164335 133.91973968
245.33465249 153.07575008
279.83504280 174.97185493
319.27038346 200.00000000
