  1.00000000   0.25000000
  1.00000000   0.28576024
  1.00000000   0.32663567
  1.00000000   0.37335795
  1.00000000   0.42676344
  1.00000000   0.48780810
  1.00000000   0.55758465
  1.00000000   0.63734210
  1.00000000   0.72850814
  1.00000000   0.83271465
  1.00000000   0.95182697
  1.00000000   1.08797723
  1.00000000   1.24360255
  1.00000000   1.42148868
  1.00000000   1.62481981
  1.00000000   1.85723562
  0.92000000   2.12289642
  0.80000000   2.42655760
  0.70000000   2.77365477
  0.62000000   3.17040105
  0.56000000   3.62389832
  0.50000000   4.14226427
  0.46000000   4.73477780
  0.42000000   5.41204505
  0.38000000   6.18618926
  0.34000000   7.07106781
  0.32000000   8.08252026
  0.30000000   9.23865185
  0.28000000  10.56015764
  0.26000000  12.07069291
  0.24000000  13.79729661
  0.22000000  15.77087540
  0.22000000  18.02675683
  0.20000000  20.60532174
  0.20000000  23.55272709
  0.18000000  26.92173218
  0.18000000  30.77264306
  0.16000000  35.17439198
  0.16000000  40.20577138
  0.16000000  45.95684420
  0.16000000  52.53055609
  0.14000000  60.04457815
  0.14000000  68.63341327
  0.14000000  78.45080376
  0.14000000  89.67248338
  0.16000000 102.49932301
  0.16000000 117.16092631
  0.16000000 133.91973968
  0.16000000 153.07575008
  0.16000000 174.97185493
  0.12000000 200.00000000
  0.24975000   0.25000000
  0.28551024   0.28576024
  0.32638567   0.32663567
  0.37310795   0.37335795
  0.42651344   0.42676344
  0.47840140   0.48780810
  0.48189023   0.55758465
  0.48587810   0.63734210
  0.49499470   0.72850814
  0.50033549   0.83271465
  0.50735299   0.95182697
  0.51720547   1.08797723
  0.52661967   1.24360255
  0.53642990   1.42148868
  0.54862976   1.62481981
  0.56025055   1.85723562
  0.57353359   2.12289642
  0.58871665   2.42655760
  0.60433603   2.77365477
  0.62218961   3.17040105
  0.64259699   3.62389832
  0.66592345   4.14226427
  0.69258656   4.73477780
  0.72306359   5.41204505
  0.75402936   6.18618926
  0.78942450   7.07106781
  0.82988260   8.08252026
  0.87612786   9.23865185
  0.92898809  10.56015764
  0.98940950  12.07069291
  1.05847365  13.79729661
  1.12754891  15.77087540
  1.20650476  18.02675683
  1.30964735  20.60532174
  1.41280654  23.55272709
  1.53072172  26.92173218
  1.66550360  30.77264306
  1.81956481  35.17439198
  1.99566309  40.20577138
  2.19695064  45.95684420
  2.42703056  52.53055609
  2.72759144  60.04457815
  3.07114484  68.63341327
  3.51292742  78.45080376
  4.13011980  89.67248338
  4.89973017 102.49932301
  6.07265844 117.16092631
  7.66474571 133.91973968
  9.58034675 153.07575008
 11.76995723 174.97185493
 14.27277174 200.00000000
  0.60264359   0.25000000
  0.60815764   0.28576024
  0.61306393   0.32663567
  0.61742072   0.37335795
  0.62128270   0.42676344
  0.62471288   0.48780810
  0.62828460   0.55758465
  0.63232681   0.63734210
  0.63689936   0.72850814
  0.64206717   0.83271465
  0.64790354   0.95182697
  0.65449055   1.08797723
  0.66191922   1.24360255
  0.67029460   1.42148868
  0.67973733   1.62481981
  0.69038073   1.85723562
  0.70237679   2.12289642
  0.71593423   2.42655760
  0.73125341   2.77365477
  0.74855125   3.17040105
  0.76806973   3.62389832
  0.79007891   4.14226427
  0.81488165   4.73477780
  0.84281809   5.41204505
  0.87427139   6.18618926
  0.90966876   7.07106781
  0.94949414   8.08252026
  0.99429409   9.23865185
  1.04468842  10.56015764
  1.10137774  12.07069291
  1.16515350  13.79729661
  1.23691279  15.77087540
  1.31767331  18.02675683
  1.40860568  20.60532174
  1.51099636  23.55272709
  1.62633802  26.92173218
  1.75622642  30.77264306
  1.90243431  35.17439198
  2.06676014  40.20577138
  2.25084069  45.95684420
  2.45581882  52.53055609
  2.68162490  60.04457815
  2.92574435  68.63341327
  3.18180671  78.45080376
  3.43861942  89.67248338
  3.68120408 102.49932301
  3.89450979 117.16092631
  4.06802133 133.91973968
  4.19749153 153.07575008
  4.28221336 174.97185493
  4.32594432 200.00000000
