  1.00000000   0.25000000
  1.00000000   0.28576024
  1.00000000   0.32663567
  1.00000000   0.37335795
  1.00000000   0.42676344
  1.00000000   0.48780810
  1.00000000   0.55758465
  1.00000000   0.63734210
  1.00000000   0.72850814
  1.00000000   0.83271465
  1.00000000   0.95182697
  1.00000000   1.08797723
  1.00000000   1.24360255
  1.00000000   1.42148868
  1.00000000   1.62481981
  1.00000000   1.85723562
  0.96000000   2.12289642
  0.84000000   2.42655760
  0.74000000   2.77365477
  0.64000000   3.17040105
  0.58000000   3.62389832
  0.50000000   4.14226427
  0.46000000   4.73477780
  0.42000000   5.41204505
  0.38000000   6.18618926
  0.34000000   7.07106781
  0.32000000   8.08252026
  0.28000000   9.23865185
  0.26000000  10.56015764
  0.24000000  12.07069291
  0.24000000  13.79729661
  0.22000000  15.77087540
  0.20000000  18.02675683
  0.20000000  20.60532174
  0.18000000  23.55272709
  0.18000000  26.92173218
  0.16000000  30.77264306
  0.16000000  35.17439198
  0.16000000  40.20577138
  0.14000000  45.95684420
  0.14000000  52.53055609
  0.14000000  60.04457815
  0.14000000  68.63341327
  0.12000000  78.45080376
  0.12000000  89.67248338
  0.12000000 102.49932301
  0.12000000 117.16092631
  0.12000000 133.91973968
  0.10000000 153.07575008
  0.10000000 174.97185493
  0.12000000 200.00000000
  0.24975000   0.25000000
  0.28551024   0.28576024
  0.32638567   0.32663567
  0.37310795   0.37335795
  0.42651344   0.42676344
  0.48755810   0.48780810
  0.55733465   0.55758465
  0.56929827   0.63734210
  0.57385657   0.72850814
  0.58444385   0.83271465
  0.59420884   0.95182697
  0.60587381   1.08797723
  0.61854638   1.24360255
  0.63318329   1.42148868
  0.64586863   1.62481981
  0.66213773   1.85723562
  0.67940569   2.12289642
  0.69610705   2.42655760
  0.71519740   2.77365477
  0.73701844   3.17040105
  0.76196079   3.62389832
  0.78787909   4.14226427
  0.81750477   4.73477780
  0.85136813   5.41204505
  0.89007534   6.18618926
  0.93431927   7.07106781
  0.97983463   8.08252026
  1.03186055   9.23865185
  1.09132831  10.56015764
  1.15930240  12.07069291
  1.23699956  13.79729661
  1.32581061  15.77087540
  1.42732527  18.02675683
  1.53046787  20.60532174
  1.66310111  23.55272709
  1.79786131  26.92173218
  1.95189775  30.77264306
  2.14997645  35.17439198
  2.35123162  40.20577138
  2.58127454  45.95684420
  2.84422301  52.53055609
  3.14478390  60.04457815
  3.48833730  68.63341327
  3.88103292  78.45080376
  4.32990010  89.67248338
  4.84297369 102.49932301
  5.50274584 117.16092631
  6.42448057 133.91973968
  8.05274146 153.07575008
 10.24235194 174.97185493
 12.74516645 200.00000000
  0.84315591   0.25000000
  0.85398906   0.28576024
  0.86369514   0.32663567
  0.87236754   0.37335795
  0.88009738   0.42676344
  0.88697203   0.48780810
  0.89307422   0.55758465
  0.89911456   0.63734210
  0.90592371   0.72850814
  0.91359604   0.83271465
  0.92223240   0.95182697
  0.93194911   1.08797723
  0.94287551   1.24360255
  0.95515845   1.42148868
  0.96896916   1.62481981
  0.98450463   1.85723562
  1.00198595   2.12289642
  1.02171628   2.42655760
  1.04401071   2.77365477
  1.06919867   3.17040105
  1.09764908   3.62389832
  1.12978313   4.14226427
  1.16607738   4.73477780
  1.20707143   5.41204505
  1.25338323   6.18618926
  1.30571342   7.07106781
  1.36485897   8.08252026
  1.43173007   9.23865185
  1.50736728  10.56015764
  1.59295123  12.07069291
  1.68983095  13.79729661
  1.79955217  15.77087540
  1.92386332  18.02675683
  2.06478028  20.60532174
  2.22462541  23.55272709
  2.40600793  26.92173218
  2.61198392  30.77264306
  2.84599712  35.17439198
  3.11200989  40.20577138
  3.41464078  45.95684420
  3.75904968  52.53055609
  4.15117683  60.04457815
  4.59788154  68.63341327
  5.10704611  78.45080376
  5.68740890  89.67248338
  6.34750363 102.49932301
  7.09066135 117.16092631
  7.89590782 133.91973968
  8.67563708 153.07575008
  9.25930764 174.97185493
  9.53267494 200.00000000
