  1.00000000   0.25000000
  1.00000000   0.28576024
  1.00000000   0.32663567
  1.00000000   0.37335795
  1.00000000   0.42676344
  1.00000000   0.48780810
  1.00000000   0.55758465
  1.00000000   0.63734210
  1.00000000   0.72850814
  1.00000000   0.83271465
  1.00000000   0.95182697
  1.00000000   1.08797723
  1.00000000   1.24360255
  1.00000000   1.42148868
  1.00000000   1.62481981
  0.96000000   1.85723562
  0.84000000   2.12289642
  0.72000000   2.42655760
  0.64000000   2.77365477
  0.58000000   3.17040105
  0.50000000   3.62389832
  0.46000000   4.14226427
  0.42000000   4.73477780
  0.38000000   5.41204505
  0.34000000   6.18618926
  0.32000000   7.07106781
  0.30000000   8.08252026
  0.28000000   9.23865185
  0.26000000  10.56015764
  0.24000000  12.07069291
  0.22000000  13.79729661
  0.20000000  15.77087540
  0.20000000  18.02675683
  0.18000000  20.60532174
  0.18000000  23.55272709
  0.18000000  26.92173218
  0.16000000  30.77264306
  0.16000000  35.17439198
  0.16000000  40.20577138
  0.14000000  45.95684420
  0.14000000  52.53055609
  0.14000000  60.04457815
  0.14000000  68.63341327
  0.14000000  78.45080376
  0.14000000  89.67248338
  0.14000000 102.49932301
  0.14000000 117.16092631
  0.14000000 133.91973968
  0.14000000 153.07575008
  0.14000000 174.97185493
  0.14000000 200.00000000
  0.24975000   0.25000000
  0.28551024   0.28576024
  0.32638567   0.32663567
  0.37310795   0.37335795
  0.42651344   0.42676344
  0.46008800   0.48780810
  0.46706566   0.55758465
  0.47105353   0.63734210
  0.48017013   0.72850814
  0.48518808   0.83271465
  0.49388500   0.95182697
  0.50300424   1.08797723
  0.51149064   1.24360255
  0.52259412   1.42148868
  0.53479399   1.62481981
  0.54757686   1.85723562
  0.56085990   2.12289642
  0.57604296   2.42655760
  0.59339782   2.77365477
  0.61125140   3.17040105
  0.63392626   3.62389832
  0.65725273   4.14226427
  0.68687841   4.73477780
  0.71735543   5.41204505
  0.75219192   6.18618926
  0.78758706   7.07106781
  0.83310242   8.08252026
  0.87934769   9.23865185
  0.93881545  10.56015764
  0.99923686  12.07069291
  1.06830101  13.79729661
  1.14724416  15.77087540
  1.23747942  18.02675683
  1.34062201  20.60532174
  1.44378120  23.55272709
  1.57854140  26.92173218
  1.71332328  30.77264306
  1.86738450  35.17439198
  2.06863967  40.20577138
  2.26992722  45.95684420
  2.50000714  52.53055609
  2.76299791  60.04457815
  3.10655131  68.63341327
  3.49924693  78.45080376
  4.00422252  89.67248338
  4.77383289 102.49932301
  5.87345314 117.16092631
  7.54933448 133.91973968
  9.46493552 153.07575008
 11.65454600 174.97185493
 14.15736051 200.00000000
  0.62692019   0.25000000
  0.63288965   0.28576024
  0.63820484   0.32663567
  0.64292767   0.37335795
  0.64711642   0.42676344
  0.65092061   0.48780810
  0.65507667   0.55758465
  0.65978009   0.63734210
  0.66509876   0.72850814
  0.67111042   0.83271465
  0.67789828   0.95182697
  0.68555782   1.08797723
  0.69419894   1.24360255
  0.70394732   1.42148868
  0.71494192   1.62481981
  0.72733606   1.85723562
  0.74134303   2.12289642
  0.75718272   2.42655760
  0.77508367   2.77365477
  0.79530036   3.17040105
  0.81811991   3.62389832
  0.84386357   4.14226427
  0.87289108   4.73477780
  0.90561020   5.41204505
  0.94247797   6.18618926
  0.98401323   7.07106781
  1.03080080   8.08252026
  1.08350571   9.23865185
  1.14288371  10.56015764
  1.20979030  12.07069291
  1.28519989  13.79729661
  1.37022475  15.77087540
  1.46615158  18.02675683
  1.57440930  20.60532174
  1.69668472  23.55272709
  1.83484910  26.92173218
  1.99111020  30.77264306
  2.16791254  35.17439198
  2.36806746  40.20577138
  2.59474233  45.95684420
  2.85127674  52.53055609
  3.14088223  60.04457815
  3.46580299  68.63341327
  3.82518869  78.45080376
  4.21113739  89.67248338
  4.60339300 102.49932301
  4.96804427 117.16092631
  5.26841195 133.91973968
  5.48281528 153.07575008
  5.61052204 174.97185493
  5.66826208 200.00000000
