  1.00000000   0.25000000
  1.00000000   0.28576024
  1.00000000   0.32663567
  1.00000000   0.37335795
  1.00000000   0.42676344
  1.00000000   0.48780810
  1.00000000   0.55758465
  1.00000000   0.63734210
  1.00000000   0.72850814
  1.00000000   0.83271465
  0.96000000   0.95182697
  0.66000000   1.08797723
  0.50000000   1.24360255
  0.40000000   1.42148868
  0.32000000   1.62481981
  0.28000000   1.85723562
  0.24000000   2.12289642
  0.22000000   2.42655760
  0.20000000   2.77365477
  0.18000000   3.17040105
  0.18000000   3.62389832
  0.16000000   4.14226427
  0.16000000   4.73477780
  0.14000000   5.41204505
  0.14000000   6.18618926
  0.14000000   7.07106781
  0.12000000   8.08252026
  0.12000000   9.23865185
  0.12000000  10.56015764
  0.12000000  12.07069291
  0.12000000  13.79729661
  0.12000000  15.77087540
  0.12000000  18.02675683
  0.12000000  20.60532174
  0.12000000  23.55272709
  0.10000000  26.92173218
  0.10000000  30.77264306
  0.10000000  35.17439198
  0.10000000  40.20577138
  0.10000000  45.95684420
  0.10000000  52.53055609
  0.10000000  60.04457815
  0.10000000  68.63341327
  0.10000000  78.45080376
  0.10000000  89.67248338
  0.10000000 102.49932301
  0.10000000 117.16092631
  0.10000000 133.91973968
  0.10000000 153.07575008
  0.10000000 174.97185493
  0.10000000 200.00000000
  0.25000000   0.25000000
  0.28576024   0.28576024
  0.32663567   0.32663567
  0.37335795   0.37335795
  0.42676344   0.42676344
  0.48780810   0.48780810
  0.55758465   0.55758465
  0.63734210   0.63734210
  0.70571663   0.72850814
  0.75037603   0.83271465
  0.79590754   0.95182697
  0.84189533   1.08797723
  0.89801466   1.24360255
  0.95959036   1.42148868
  1.03150961   1.62481981
  1.10891593   1.85723562
  1.20134269   2.12289642
  1.30927704   2.42655760
  1.43099102   2.77365477
  1.56929553   3.17040105
  1.72770421   3.62389832
  1.90838882   4.14226427
  2.11501223   4.73477780
  2.35097067   5.41204505
  2.62145760   6.18618926
  2.93072136   7.07106781
  3.28382938   8.08252026
  3.68732895   9.23865185
  4.14858105  10.56015764
  4.67578451  12.07069291
  5.27845067  13.79729661
  5.96736455  15.77087540
  6.75492024  18.02675683
  7.65507993  20.60532174
  8.68392126  23.55272709
  9.85991956  26.92173218
 11.20414782  30.77264306
 12.74066512  35.17439198
 14.49698449  40.20577138
 16.50453925  45.95684420
 18.79925940  52.53055609
 21.42220041  60.04457815
 24.42031799  68.63341327
 27.84729226  78.45080376
 31.76447002  89.67248338
 36.24196868 102.49932301
 41.35993589 117.16092631
 47.20998180 133.91973968
 53.89682144 153.07575008
 61.54014946 174.97185493
 70.27678603 200.00000000
  5.02337246   0.25000000
  5.43323047   0.28576024
  5.85086491   0.32663567
  6.27268772   0.37335795
  6.69496373   0.42676344
  7.11394176   0.48780810
  7.52598678   0.55758465
  7.92770355   0.63734210
  8.32147965   0.72850814
  8.75172049   0.83271465
  9.23687897   0.95182697
  9.78726664   1.08797723
 10.41602841   1.24360255
 11.13490580   1.42148868
 11.95647719   1.62481981
 12.89560396   1.85723562
 13.96900975   2.12289642
 15.19611463   2.42655760
 16.59866423   2.77365477
 18.20180338   3.17040105
 20.03424055   3.62389832
 22.12887397   4.14226427
 24.52302322   4.73477780
 27.25967887   5.41204505
 30.38791743   6.18618926
 33.96336079   7.07106781
 38.05013151   8.08252026
 42.72198108   9.23865185
 48.06200933  10.56015764
 54.16576006  12.07069291
 61.14248842  13.79729661
 69.11707459  15.77087540
 78.23226174  18.02675683
 88.65121433  20.60532174
100.56043666  23.55272709
114.17352269  26.92173218
129.73423802  30.77264306
147.52074252  35.17439198
167.85141179  40.20577138
191.09017217  45.95684420
217.65300225  52.53055609
248.01538411  60.04457815
282.72081151  68.63341327
322.39051978  78.45080376
367.73460650  89.67248338
419.56474219 102.49932301
478.80869932 117.16092631
546.52695963 133.91973968
623.93169707 153.07575008
712.40847591 174.97185493
813.54105264 200.00000000
