  1.00000000   0.25000000
  1.00000000   0.28576024
  1.00000000   0.32663567
  1.00000000   0.37335795
  1.00000000   0.42676344
  1.00000000   0.48780810
  1.00000000   0.55758465
  1.00000000   0.63734210
  1.00000000   0.72850814
  1.00000000   0.83271465
  0.66000000   0.95182697
  0.46000000   1.08797723
  0.36000000   1.24360255
  0.30000000   1.42148868
  0.26000000   1.62481981
  0.22000000   1.85723562
  0.20000000   2.12289642
  0.18000000   2.42655760
  0.16000000   2.77365477
  0.16000000   3.17040105
  0.14000000   3.62389832
  0.14000000   4.14226427
  0.14000000   4.73477780
  0.14000000   5.41204505
  0.12000000   6.18618926
  0.12000000   7.07106781
  0.12000000   8.08252026
  0.12000000   9.23865185
  0.12000000  10.56015764
  0.12000000  12.07069291
  0.12000000  13.79729661
  0.12000000  15.77087540
  0.10000000  18.02675683
  0.10000000  20.60532174
  0.10000000  23.55272709
  0.10000000  26.92173218
  0.10000000  30.77264306
  0.10000000  35.17439198
  0.10000000  40.20577138
  0.10000000  45.95684420
  0.10000000  52.53055609
  0.10000000  60.04457815
  0.10000000  68.63341327
  0.10000000  78.45080376
  0.10000000  89.67248338
  0.10000000 102.49932301
  0.10000000 117.16092631
  0.10000000 133.91973968
  0.10000000 153.07575008
  0.10000000 174.97185493
  0.10000000 200.00000000
  0.25000000   0.25000000
  0.28576024   0.28576024
  0.32663567   0.32663567
  0.37335795   0.37335795
  0.42676344   0.42676344
  0.48780810   0.48780810
  0.55758465   0.55758465
  0.63734210   0.63734210
  0.71027493   0.72850814
  0.77041641   0.83271465
  0.82846638   0.95182697
  0.89950199   1.08797723
  0.97970825   1.24360255
  1.07002090   1.42148868
  1.17145343   1.62481981
  1.29176950   1.85723562
  1.42716075   2.12289642
  1.58327967   2.42655760
  1.76029996   2.77365477
  1.96322887   3.17040105
  2.19488067   3.62389832
  2.45951333   4.14226427
  2.76210832   4.73477780
  3.10851122   5.41204505
  3.50414989   6.18618926
  3.95646362   7.07106781
  4.47328081   8.08252026
  5.06409685   9.23865185
  5.73938453  10.56015764
  6.51128446  12.07069291
  7.39365388  13.79729661
  8.40228297  15.77087540
  9.55512754  18.02675683
 10.87287169  20.60532174
 12.37908388  23.55272709
 14.10076033  26.92173218
 16.06870850  30.77264306
 18.31816421  35.17439198
 20.88939280  40.20577138
 23.82841060  45.95684420
 27.18781640  52.53055609
 31.02775333  60.04457815
 35.41695766  68.63341327
 40.43400204  78.45080376
 46.16869107  89.67248338
 52.72367742 102.49932301
 60.21629536 117.16092631
 68.78066276 133.91973968
 78.57008369 153.07575008
 89.75979319 174.97185493
102.55009028 200.00000000
  6.21590855   0.25000000
  6.85585910   0.28576024
  7.53449039   0.32663567
  8.24882607   0.37335795
  8.99490213   0.42676344
  9.76780736   0.48780810
 10.56177917   0.55758465
 11.37035393   0.63734210
 12.19527534   0.72850814
 13.11010554   0.83271465
 14.14820467   0.95182697
 15.33451033   1.08797723
 16.69042755   1.24360255
 18.24029304   1.42148868
 20.01172246   1.62481981
 22.03680882   1.85723562
 24.35142122   2.12289642
 26.99715820   2.42655760
 30.02123086   2.77365477
 33.47804292   3.17040105
 37.42909611   3.62389832
 41.94559095   4.14226427
 47.10795107   4.73477780
 53.00858703   5.41204505
 59.75354892   6.18618926
 67.46336210   7.07106781
 76.27589736   8.08252026
 86.34890348   9.23865185
 97.86268554  10.56015764
111.02334241  12.07069291
126.06645249  13.79729661
143.26128997  15.77087540
162.91590873  18.02675683
185.38228506  20.60532174
211.06224693  23.55272709
240.41547244  26.92173218
273.96739130  30.77264306
312.31859128  35.17439198
356.15556835  40.20577138
406.26301519  45.95684420
463.53786746  52.53055609
529.00535951  60.04457815
603.83737587  68.63341327
689.37342851  78.45080376
787.14463424  89.67248338
898.90112223 102.49932301
1026.64336168 117.16092631
1172.65797078 133.91973968
1339.55864777 153.07575008
1530.33295678 174.97185493
1748.39580593 200.00000000
