  1.00000000   0.25000000
  1.00000000   0.28576024
  1.00000000   0.32663567
  1.00000000   0.37335795
  1.00000000   0.42676344
  1.00000000   0.48780810
  1.00000000   0.55758465
  1.00000000   0.63734210
  1.00000000   0.72850814
  1.00000000   0.83271465
  1.00000000   0.95182697
  1.00000000   1.08797723
  1.00000000   1.24360255
  1.00000000   1.42148868
  1.00000000   1.62481981
  1.00000000   1.85723562
  0.92000000   2.12289642
  0.80000000   2.42655760
  0.72000000   2.77365477
  0.64000000   3.17040105
  0.56000000   3.62389832
  0.50000000   4.14226427
  0.46000000   4.73477780
  0.40000000   5.41204505
  0.36000000   6.18618926
  0.34000000   7.07106781
  0.30000000   8.08252026
  0.28000000   9.23865185
  0.26000000  10.56015764
  0.24000000  12.07069291
  0.22000000  13.79729661
  0.20000000  15.77087540
  0.18000000  18.02675683
  0.18000000  20.60532174
  0.16000000  23.55272709
  0.16000000  26.92173218
  0.16000000  30.77264306
  0.14000000  35.17439198
  0.14000000  40.20577138
  0.14000000  45.95684420
  0.12000000  52.53055609
  0.12000000  60.04457815
  0.12000000  68.63341327
  0.12000000  78.45080376
  0.12000000  89.67248338
  0.12000000 102.49932301
  0.12000000 117.16092631
  0.12000000 133.91973968
  0.12000000 153.07575008
  0.10000000 174.97185493
  0.10000000 200.00000000
  0.25000000   0.25000000
  0.28576024   0.28576024
  0.32663567   0.32663567
  0.37335795   0.37335795
  0.42676344   0.42676344
  0.48780810   0.48780810
  0.55758465   0.55758465
  0.63734210   0.63734210
  0.66925021   0.72850814
  0.67838038   0.83271465
  0.69975597   0.95182697
  0.71600714   1.08797723
  0.73466214   1.24360255
  0.75813042   1.42148868
  0.78167807   1.62481981
  0.80851899   1.85723562
  0.83461347   2.12289642
  0.86162230   2.42655760
  0.88955600   2.77365477
  0.92055610   3.17040105
  0.95230091   3.62389832
  0.98858652   4.14226427
  1.02709990   4.73477780
  1.06773594   5.41204505
  1.11418459   6.18618926
  1.16727730   7.07106781
  1.22796445   8.08252026
  1.29155169   9.23865185
  1.36423451  10.56015764
  1.45486662  12.07069291
  1.54982983  13.79729661
  1.65837666  15.77087540
  1.79372955  18.02675683
  1.93555062  20.60532174
  2.09765791  23.55272709
  2.28295319  26.92173218
  2.51400784  30.77264306
  2.75610403  35.17439198
  3.03282990  40.20577138
  3.37789427  45.95684420
  3.73944842  52.53055609
  4.15271964  60.04457815
  4.62510557  68.63341327
  5.21414900  78.45080376
  5.83134138  89.67248338
  6.53681756 102.49932301
  7.41651375 117.16092631
  8.33824849 133.91973968
  9.39182906 153.07575008
 10.59611483 174.97185493
 12.09780353 200.00000000
  1.32227837   0.25000000
  1.34906611   0.28576024
  1.37340781   0.32663567
  1.39543532   0.37335795
  1.41529403   0.42676344
  1.43313700   0.48780810
  1.44912017   0.55758465
  1.46339846   0.63734210
  1.47680631   0.72850814
  1.49204840   0.83271465
  1.50899890   0.95182697
  1.52787088   1.08797723
  1.54887993   1.24360255
  1.57222034   1.42148868
  1.59811463   1.62481981
  1.62682484   1.85723562
  1.65871664   2.12289642
  1.69431703   2.42655760
  1.73418567   2.77365477
  1.77896324   3.17040105
  1.82938236   3.62389832
  1.88629112   4.14226427
  1.95067095   4.73477780
  2.02366159   5.41204505
  2.10658867   6.18618926
  2.20098306   7.07106781
  2.30860285   8.08252026
  2.43144463   9.23865185
  2.57177718  10.56015764
  2.73215645  12.07069291
  2.91546523  13.79729661
  3.12499583  15.77087540
  3.36449190  18.02675683
  3.63824437  20.60532174
  3.95115287  23.55272709
  4.30885426  26.92173218
  4.71760055  30.77264306
  5.18494112  35.17439198
  5.71921371  40.20577138
  6.32972544  45.95684420
  7.02736019  52.53055609
  7.82506608  60.04457815
  8.73713640  68.63341327
  9.77966670  78.45080376
 10.97113306  89.67248338
 12.33282458 102.49932301
 13.88909265 117.16092631
 15.66784155 133.91973968
 17.70067424 153.07575008
 20.02477699 174.97185493
 22.67751094 200.00000000
