  1.00000000   0.25000000
  1.00000000   0.28576024
  1.00000000   0.32663567
  1.00000000   0.37335795
  1.00000000   0.42676344
  1.00000000   0.48780810
  1.00000000   0.55758465
  1.00000000   0.63734210
  1.00000000   0.72850814
  1.00000000   0.83271465
  1.00000000   0.95182697
  1.00000000   1.08797723
  1.00000000   1.24360255
  1.00000000   1.42148868
  1.00000000   1.62481981
  0.98000000   1.85723562
  0.86000000   2.12289642
  0.74000000   2.42655760
  0.66000000   2.77365477
  0.58000000   3.17040105
  0.52000000   3.62389832
  0.46000000   4.14226427
  0.42000000   4.73477780
  0.38000000   5.41204505
  0.36000000   6.18618926
  0.32000000   7.07106781
  0.30000000   8.08252026
  0.28000000   9.23865185
  0.26000000  10.56015764
  0.24000000  12.07069291
  0.22000000  13.79729661
  0.22000000  15.77087540
  0.20000000  18.02675683
  0.20000000  20.60532174
  0.18000000  23.55272709
  0.18000000  26.92173218
  0.16000000  30.77264306
  0.16000000  35.17439198
  0.16000000  40.20577138
  0.14000000  45.95684420
  0.14000000  52.53055609
  0.14000000  60.04457815
  0.14000000  68.63341327
  0.14000000  78.45080376
  0.14000000  89.67248338
  0.14000000 102.49932301
  0.14000000 117.16092631
  0.16000000 133.91973968
  0.14000000 153.07575008
  0.14000000 174.97185493
  0.14000000 200.00000000
  0.24975000   0.25000000
  0.28551024   0.28576024
  0.32638567   0.32663567
  0.37310795   0.37335795
  0.42651344   0.42676344
  0.45398354   0.48780810
  0.46096119   0.55758465
  0.46494906   0.63734210
  0.46950737   0.72850814
  0.47907884   0.83271465
  0.48540197   0.95182697
  0.49405936   1.08797723
  0.50327838   1.24360255
  0.51395154   1.42148868
  0.52513476   1.62481981
  0.53791763   1.85723562
  0.55120067   2.12289642
  0.56486542   2.42655760
  0.58222028   2.77365477
  0.60007386   3.17040105
  0.62048124   3.62389832
  0.64380771   4.14226427
  0.67047081   4.73477780
  0.70094784   5.41204505
  0.73578433   6.18618926
  0.77117947   7.07106781
  0.81163757   8.08252026
  0.85788283   9.23865185
  0.91074307  10.56015764
  0.97116448  12.07069291
  1.04022862  13.79729661
  1.11917178  15.77087540
  1.19812763  18.02675683
  1.30127022  20.60532174
  1.40442941  23.55272709
  1.52234459  26.92173218
  1.65712647  30.77264306
  1.81118768  35.17439198
  1.98728596  40.20577138
  2.18857351  45.95684420
  2.41865342  52.53055609
  2.71921431  60.04457815
  3.06276771  68.63341327
  3.50455028  78.45080376
  4.06563426  89.67248338
  4.89937884 102.49932301
  6.14561512 117.16092631
  7.82149646 133.91973968
  9.73709750 153.07575008
 11.92670798 174.97185493
 14.42952249 200.00000000
  0.59155486   0.25000000
  0.59686697   0.28576024
  0.60159207   0.32663567
  0.60578678   0.37335795
  0.60950415   0.42676344
  0.61292363   0.48780810
  0.61670807   0.55758465
  0.62099213   0.63734210
  0.62583756   0.72850814
  0.63131549   0.83271465
  0.63750207   0.95182697
  0.64448420   1.08797723
  0.65236159   1.24360255
  0.66124869   1.42148868
  0.67127228   1.62481981
  0.68257085   1.85723562
  0.69533202   2.12289642
  0.70976177   2.42655760
  0.72606708   2.77365477
  0.74447902   3.17040105
  0.76525668   3.62389832
  0.78868978   4.14226427
  0.81510538   4.73477780
  0.84486820   5.41204505
  0.87839082   6.18618926
  0.91613876   7.07106781
  0.95863465   8.08252026
  1.00647239   9.23865185
  1.06032550  10.56015764
  1.12095717  12.07069291
  1.18923484  13.79729661
  1.26615271  15.77087540
  1.35283738  18.02675683
  1.45056284  20.60532174
  1.56081218  23.55272709
  1.68522280  26.92173218
  1.82567998  30.77264306
  1.98428099  35.17439198
  2.16326326  40.20577138
  2.36494256  45.95684420
  2.59137149  52.53055609
  2.84351179  60.04457815
  3.11996350  68.63341327
  3.41475162  78.45080376
  3.71491242  89.67248338
  4.00041466 102.49932301
  4.24937385 117.16092631
  4.44651161 133.91973968
  4.58696783 153.07575008
  4.67353989 174.97185493
  4.71513512 200.00000000
