  1.00000000   0.25000000
  1.00000000   0.28576024
  1.00000000   0.32663567
  1.00000000   0.37335795
  1.00000000   0.42676344
  1.00000000   0.48780810
  1.00000000   0.55758465
  1.00000000   0.63734210
  1.00000000   0.72850814
  1.00000000   0.83271465
  1.00000000   0.95182697
  1.00000000   1.08797723
  1.00000000   1.24360255
  1.00000000   1.42148868
  1.00000000   1.62481981
  1.00000000   1.85723562
  0.94000000   2.12289642
  0.82000000   2.42655760
  0.72000000   2.77365477
  0.64000000   3.17040105
  0.56000000   3.62389832
  0.50000000   4.14226427
  0.46000000   4.73477780
  0.42000000   5.41204505
  0.38000000   6.18618926
  0.34000000   7.07106781
  0.32000000   8.08252026
  0.30000000   9.23865185
  0.28000000  10.56015764
  0.26000000  12.07069291
  0.24000000  13.79729661
  0.22000000  15.77087540
  0.22000000  18.02675683
  0.20000000  20.60532174
  0.20000000  23.55272709
  0.18000000  26.92173218
  0.18000000  30.77264306
  0.16000000  35.17439198
  0.16000000  40.20577138
  0.16000000  45.95684420
  0.16000000  52.53055609
  0.14000000  60.04457815
  0.14000000  68.63341327
  0.14000000  78.45080376
  0.14000000  89.67248338
  0.16000000 102.49932301
  0.16000000 117.16092631
  0.16000000 133.91973968
  0.16000000 153.07575008
  0.16000000 174.97185493
  0.12000000 200.00000000
  0.24975000   0.25000000
  0.28551024   0.28576024
  0.32638567   0.32663567
  0.37310795   0.37335795
  0.42651344   0.42676344
  0.48145363   0.48780810
  0.48843129   0.55758465
  0.49241916   0.63734210
  0.50153576   0.72850814
  0.50701900   0.83271465
  0.51425482   0.95182697
  0.52243741   1.08797723
  0.53219342   1.24360255
  0.54254987   1.42148868
  0.55474974   1.62481981
  0.56637053   1.85723562
  0.58098187   2.12289642
  0.59464663   2.42655760
  0.61026600   2.77365477
  0.63010331   3.17040105
  0.65051069   3.62389832
  0.67383716   4.14226427
  0.69753770   4.73477780
  0.72801472   5.41204505
  0.75898049   6.18618926
  0.79880003   7.07106781
  0.83925813   8.08252026
  0.88550339   9.23865185
  0.93836362  10.56015764
  0.99123236  12.07069291
  1.06029650  13.79729661
  1.12937176  15.77087540
  1.21960702  18.02675683
  1.30985679  20.60532174
  1.41301598  23.55272709
  1.53093116  26.92173218
  1.66571304  30.77264306
  1.81977425  35.17439198
  1.99587253  40.20577138
  2.19716008  45.95684420
  2.42723999  52.53055609
  2.72780087  60.04457815
  3.07135428  68.63341327
  3.51313685  78.45080376
  4.07422083  89.67248338
  4.90796541 102.49932301
  6.00758566 117.16092631
  7.59967293 133.91973968
  9.51527397 153.07575008
 11.70488445 174.97185493
 14.20769896 200.00000000
  0.60828092   0.25000000
  0.61389910   0.28576024
  0.61889884   0.32663567
  0.62333926   0.37335795
  0.62727587   0.42676344
  0.63076250   0.48780810
  0.63431702   0.55758465
  0.63833988   0.63734210
  0.64288960   0.72850814
  0.64803201   0.83271465
  0.65383929   0.95182697
  0.66039299   1.08797723
  0.66778383   1.24360255
  0.67611539   1.42148868
  0.68550740   1.62481981
  0.69609293   1.85723562
  0.70802078   2.12289642
  0.72149709   2.42655760
  0.73672461   2.77365477
  0.75391861   3.17040105
  0.77331896   3.62389832
  0.79519450   4.14226427
  0.81984688   4.73477780
  0.84761234   5.41204505
  0.87886962   6.18618926
  0.91404297   7.07106781
  0.95361462   8.08252026
  0.99812342   9.23865185
  1.04818309  10.56015764
  1.10448620  12.07069291
  1.16781639  13.79729661
  1.23905706  15.77087540
  1.31922286  18.02675683
  1.40945787  20.60532174
  1.51103860  23.55272709
  1.62542828  26.92173218
  1.75420246  30.77264306
  1.89908696  35.17439198
  2.06185332  40.20577138
  2.24408558  45.95684420
  2.44688470  52.53055609
  2.67017489  60.04457815
  2.91154760  68.63341327
  3.16488610  78.45080376
  3.41947303  89.67248338
  3.66090139 102.49932301
  3.87444581 117.16092631
  4.04947963 133.91973968
  4.18127543 153.07575008
  4.26842659 174.97185493
  4.31395073 200.00000000
