  1.00000000   0.25000000
  1.00000000   0.28576024
  1.00000000   0.32663567
  1.00000000   0.37335795
  1.00000000   0.42676344
  1.00000000   0.48780810
  1.00000000   0.55758465
  1.00000000   0.63734210
  1.00000000   0.72850814
  1.00000000   0.83271465
  1.00000000   0.95182697
  1.00000000   1.08797723
  1.00000000   1.24360255
  1.00000000   1.42148868
  1.00000000   1.62481981
  1.00000000   1.85723562
  1.00000000   2.12289642
  0.92000000   2.42655760
  0.82000000   2.77365477
  0.74000000   3.17040105
  0.66000000   3.62389832
  0.58000000   4.14226427
  0.52000000   4.73477780
  0.48000000   5.41204505
  0.44000000   6.18618926
  0.40000000   7.07106781
  0.36000000   8.08252026
  0.32000000   9.23865185
  0.30000000  10.56015764
  0.28000000  12.07069291
  0.24000000  13.79729661
  0.22000000  15.77087540
  0.22000000  18.02675683
  0.20000000  20.60532174
  0.18000000  23.55272709
  0.18000000  26.92173218
  0.16000000  30.77264306
  0.16000000  35.17439198
  0.16000000  40.20577138
  0.14000000  45.95684420
  0.14000000  52.53055609
  0.14000000  60.04457815
  0.12000000  68.63341327
  0.12000000  78.45080376
  0.12000000  89.67248338
  0.12000000 102.49932301
  0.12000000 117.16092631
  0.12000000 133.91973968
  0.12000000 153.07575008
  0.12000000 174.97185493
  0.10000000 200.00000000
  0.25000000   0.25000000
  0.28576024   0.28576024
  0.32663567   0.32663567
  0.37335795   0.37335795
  0.42676344   0.42676344
  0.48780810   0.48780810
  0.55758465   0.55758465
  0.63734210   0.63734210
  0.64645870   0.72850814
  0.66372636   0.83271465
  0.68018858   0.95182697
  0.69558749   1.08797723
  0.71313078   1.24360255
  0.73183977   1.42148868
  0.75309724   1.62481981
  0.77651488   1.85723562
  0.80227683   2.12289642
  0.82772665   2.42655760
  0.85451287   2.77365477
  0.88228511   3.17040105
  0.91176243   3.62389832
  0.94286439   4.14226427
  0.97545263   4.73477780
  1.01270233   5.41204505
  1.05528026   6.18618926
  1.09952419   7.07106781
  1.14503955   8.08252026
  1.20284613   9.23865185
  1.26231389  10.56015764
  1.33028798  12.07069291
  1.40798515  13.79729661
  1.49679619  15.77087540
  1.59831086  18.02675683
  1.71434628  20.60532174
  1.84697952  23.55272709
  1.98173972  26.92173218
  2.15503071  30.77264306
  2.35310941  35.17439198
  2.57952148  40.20577138
  2.83831976  45.95684420
  3.13413680  52.53055609
  3.47226779  60.04457815
  3.81582119  68.63341327
  4.25760377  78.45080376
  4.76257935  89.67248338
  5.33978713 102.49932301
  5.99955928 117.16092631
  6.75370588 133.91973968
  7.51994630 153.07575008
  8.50527102 174.97185493
  9.75667827 200.00000000
  1.07046095   0.25000000
  1.08794973   0.28576024
  1.10372541   0.32663567
  1.11790694   0.37335795
  1.13061605   0.42676344
  1.14197411   0.48780810
  1.15209963   0.55758465
  1.16110644   0.63734210
  1.16994616   0.72850814
  1.18000715   0.83271465
  1.19112413   0.95182697
  1.20353326   1.08797723
  1.21735345   1.24360255
  1.23270724   1.42148868
  1.24973787   1.62481981
  1.26860607   1.85723562
  1.28950542   2.12289642
  1.31270446   2.42655760
  1.33856847   2.77365477
  1.36748228   3.17040105
  1.39988759   3.62389832
  1.43628480   4.14226427
  1.47725034   4.73477780
  1.52344882   5.41204505
  1.57564596   6.18618926
  1.63473359   7.07106781
  1.70174279   8.08252026
  1.77787120   9.23865185
  1.86450020  10.56015764
  1.96322534  12.07069291
  2.07588030  13.79729661
  2.20453034  15.77087540
  2.35152960  18.02675683
  2.51954067  20.60532174
  2.71157961  23.55272709
  2.93106979  26.92173218
  3.18197158  30.77264306
  3.46879024  35.17439198
  3.79651124  40.20577138
  4.17124200  45.95684420
  4.59965254  52.53055609
  5.08915007  60.04457815
  5.64847076  68.63341327
  6.28809808  78.45080376
  7.01944585  89.67248338
  7.85543935 102.49932301
  8.81077758 117.16092631
  9.90273552 133.91973968
 11.15018651 153.07575008
 12.57721500 174.97185493
 14.19948136 200.00000000
