  1.00000000   0.25000000
  1.00000000   0.28576024
  1.00000000   0.32663567
  1.00000000   0.37335795
  1.00000000   0.42676344
  1.00000000   0.48780810
  1.00000000   0.55758465
  1.00000000   0.63734210
  1.00000000   0.72850814
  1.00000000   0.83271465
  1.00000000   0.95182697
  1.00000000   1.08797723
  1.00000000   1.24360255
  1.00000000   1.42148868
  1.00000000   1.62481981
  1.00000000   1.85723562
  0.96000000   2.12289642
  0.86000000   2.42655760
  0.76000000   2.77365477
  0.68000000   3.17040105
  0.60000000   3.62389832
  0.54000000   4.14226427
  0.48000000   4.73477780
  0.44000000   5.41204505
  0.40000000   6.18618926
  0.36000000   7.07106781
  0.32000000   8.08252026
  0.30000000   9.23865185
  0.28000000  10.56015764
  0.24000000  12.07069291
  0.22000000  13.79729661
  0.22000000  15.77087540
  0.20000000  18.02675683
  0.18000000  20.60532174
  0.18000000  23.55272709
  0.16000000  26.92173218
  0.16000000  30.77264306
  0.14000000  35.17439198
  0.14000000  40.20577138
  0.14000000  45.95684420
  0.14000000  52.53055609
  0.12000000  60.04457815
  0.12000000  68.63341327
  0.12000000  78.45080376
  0.12000000  89.67248338
  0.12000000 102.49932301
  0.12000000 117.16092631
  0.12000000 133.91973968
  0.12000000 153.07575008
  0.12000000 174.97185493
  0.10000000 200.00000000
  0.25000000   0.25000000
  0.28576024   0.28576024
  0.32663567   0.32663567
  0.37335795   0.37335795
  0.42676344   0.42676344
  0.48780810   0.48780810
  0.55758465   0.55758465
  0.63734210   0.63734210
  0.66013361   0.72850814
  0.67353106   0.83271465
  0.69042032   0.95182697
  0.70626487   1.08797723
  0.72438947   1.24360255
  0.74707477   1.42148868
  0.76965936   1.62481981
  0.79275151   1.85723562
  0.81982679   2.12289642
  0.84590952   2.42655760
  0.87406415   2.77365477
  0.90205912   3.17040105
  0.93380393   3.62389832
  0.96749771   4.14226427
  1.00304853   4.73477780
  1.04368456   5.41204505
  1.08626249   6.18618926
  1.13493081   7.07106781
  1.19056070   8.08252026
  1.24836728   9.23865185
  1.31444257  10.56015764
  1.38996933  12.07069291
  1.48493253  13.79729661
  1.58361147  15.77087540
  1.69640554  18.02675683
  1.82533379  20.60532174
  1.97270406  23.55272709
  2.14115431  26.92173218
  2.33369985  30.77264306
  2.55378730  35.17439198
  2.80535627  40.20577138
  3.09290991  45.95684420
  3.45446407  52.53055609
  3.83016517  60.04457815
  4.25960693  68.63341327
  4.75047645  78.45080376
  5.31156043  89.67248338
  5.95290241 102.49932301
  6.68598258 117.16092631
  7.52392325 133.91973968
  8.48172377 153.07575008
  9.57652901 174.97185493
 10.95307699 200.00000000
  1.20245564   0.25000000
  1.22456784   0.28576024
  1.24459076   0.32663567
  1.26265280   0.37335795
  1.27889002   0.42676344
  1.29344169   0.48780810
  1.30644666   0.55758465
  1.31804056   0.63734210
  1.32910818   0.72850814
  1.34178563   0.83271465
  1.35579096   0.95182697
  1.37139299   1.08797723
  1.38876743   1.24360255
  1.40806836   1.42148868
  1.42947827   1.62481981
  1.45320504   1.85723562
  1.47951321   2.12289642
  1.50880898   2.42655760
  1.54154644   2.77365477
  1.57823438   3.17040105
  1.61945207   3.62389832
  1.66586545   4.14226427
  1.71824200   4.73477780
  1.77747352   5.41204505
  1.84459139   6.18618926
  1.92079751   7.07106781
  2.00747956   8.08252026
  2.10624043   9.23865185
  2.21891100  10.56015764
  2.34758352  12.07069291
  2.49460265  13.79729661
  2.66263388  15.77087540
  2.85469694  18.02675683
  3.07423642  20.60532174
  3.32515580  23.55272709
  3.61199016  26.92173218
  3.93987084  30.77264306
  4.31452897  35.17439198
  4.74292955  40.20577138
  5.23267228  45.95684420
  5.79224919  52.53055609
  6.43171750  60.04457815
  7.16296348  68.63341327
  7.99902507  78.45080376
  8.95465786  89.67248338
 10.04681943 102.49932301
 11.29495143 117.16092631
 12.72152685 133.91973968
 14.35167508 153.07575008
 16.21564465 174.97185493
 18.33990184 200.00000000
