  1.00000000   0.25000000
  1.00000000   0.28576024
  1.00000000   0.32663567
  1.00000000   0.37335795
  1.00000000   0.42676344
  1.00000000   0.48780810
  1.00000000   0.55758465
  1.00000000   0.63734210
  1.00000000   0.72850814
  1.00000000   0.83271465
  1.00000000   0.95182697
  1.00000000   1.08797723
  1.00000000   1.24360255
  1.00000000   1.42148868
  1.00000000   1.62481981
  0.92000000   1.85723562
  0.80000000   2.12289642
  0.70000000   2.42655760
  0.62000000   2.77365477
  0.54000000   3.17040105
  0.48000000   3.62389832
  0.42000000   4.14226427
  0.38000000   4.73477780
  0.34000000   5.41204505
  0.30000000   6.18618926
  0.28000000   7.07106781
  0.26000000   8.08252026
  0.24000000   9.23865185
  0.22000000  10.56015764
  0.20000000  12.07069291
  0.18000000  13.79729661
  0.18000000  15.77087540
  0.16000000  18.02675683
  0.16000000  20.60532174
  0.16000000  23.55272709
  0.14000000  26.92173218
  0.14000000  30.77264306
  0.14000000  35.17439198
  0.12000000  40.20577138
  0.12000000  45.95684420
  0.12000000  52.53055609
  0.12000000  60.04457815
  0.12000000  68.63341327
  0.12000000  78.45080376
  0.12000000  89.67248338
  0.12000000 102.49932301
  0.12000000 117.16092631
  0.10000000 133.91973968
  0.10000000 153.07575008
  0.10000000 174.97185493
  0.10000000 200.00000000
  0.25000000   0.25000000
  0.28576024   0.28576024
  0.32663567   0.32663567
  0.37335795   0.37335795
  0.42676344   0.42676344
  0.48780810   0.48780810
  0.55758465   0.55758465
  0.63734210   0.63734210
  0.68748342   0.72850814
  0.69701066   0.83271465
  0.71492257   0.95182697
  0.73606225   1.08797723
  0.75975849   1.24360255
  0.78151376   1.42148868
  0.81029639   1.62481981
  0.83781338   1.85723562
  0.86619068   2.12289642
  0.89732488   2.42655760
  0.92786111   2.77365477
  0.96264043   3.17040105
  0.99964751   3.62389832
  1.03882866   4.14226427
  1.08622975   4.73477780
  1.13363845   5.41204505
  1.19169927   6.18618926
  1.25806516   7.07106781
  1.32886683   8.08252026
  1.41557670   9.23865185
  1.50808211  10.56015764
  1.62137225  12.07069291
  1.75086753  13.79729661
  1.88901805  15.77087540
  2.05820915  18.02675683
  2.23870870  20.60532174
  2.45976410  23.55272709
  2.69559445  26.92173218
  2.98441277  30.77264306
  3.31454394  35.17439198
  3.66674050  40.20577138
  4.09807096  45.95684420
  4.55823079  52.53055609
  5.12178245  60.04457815
  5.72300090  68.63341327
  6.45930519  78.45080376
  7.30093116  89.67248338
  8.19880994 102.49932301
  9.29843018 117.16092631
 10.47154712 133.91973968
 11.90824790 153.07575008
 13.44097524 174.97185493
 15.31808612 200.00000000
  1.63938646   0.25000000
  1.68076432   0.28576024
  1.71871583   0.32663567
  1.75335197   0.37335795
  1.78481915   0.42676344
  1.81328958   0.48780810
  1.83895266   0.55758465
  1.86200744   0.63734210
  1.88337712   0.72850814
  1.90693849   0.83271465
  1.93335059   0.95182697
  1.96278267   1.08797723
  1.99554812   1.24360255
  2.03196849   1.42148868
  2.07241354   1.62481981
  2.11738982   1.85723562
  2.16768604   2.12289642
  2.22415312   2.42655760
  2.28776445   2.77365477
  2.35964266   3.17040105
  2.44108565   3.62389832
  2.53359928   4.14226427
  2.63892460   4.73477780
  2.75904159   5.41204505
  2.89619372   6.18618926
  3.05290867   7.07106781
  3.23201743   8.08252026
  3.43674900   9.23865185
  3.67075881  10.56015764
  3.93824726  12.07069291
  4.24398946  13.79729661
  4.59346985  15.77087540
  4.99292485  18.02675683
  5.44956542  20.60532174
  5.97140175  23.55272709
  6.56800124  26.92173218
  7.25003988  30.77264306
  8.02942231  35.17439198
  8.92008655  40.20577138
  9.93848849  45.95684420
 11.10281850  52.53055609
 12.43362219  60.04457815
 13.95456541  68.63341327
 15.69291743  78.45080376
 17.67971953  89.67248338
 19.95057443 102.49932301
 22.54606582 117.16092631
 25.51288070 133.91973968
 28.90479743 153.07575008
 32.78230553 174.97185493
 37.21457566 200.00000000
