  1.00000000   0.25000000
  1.00000000   0.28576024
  1.00000000   0.32663567
  1.00000000   0.37335795
  1.00000000   0.42676344
  1.00000000   0.48780810
  1.00000000   0.55758465
  1.00000000   0.63734210
  1.00000000   0.72850814
  1.00000000   0.83271465
  1.00000000   0.95182697
  1.00000000   1.08797723
  1.00000000   1.24360255
  0.96000000   1.42148868
  0.80000000   1.62481981
  0.68000000   1.85723562
  0.58000000   2.12289642
  0.50000000   2.42655760
  0.42000000   2.77365477
  0.38000000   3.17040105
  0.34000000   3.62389832
  0.30000000   4.14226427
  0.26000000   4.73477780
  0.24000000   5.41204505
  0.22000000   6.18618926
  0.20000000   7.07106781
  0.20000000   8.08252026
  0.18000000   9.23865185
  0.16000000  10.56015764
  0.16000000  12.07069291
  0.16000000  13.79729661
  0.14000000  15.77087540
  0.14000000  18.02675683
  0.14000000  20.60532174
  0.14000000  23.55272709
  0.12000000  26.92173218
  0.12000000  30.77264306
  0.12000000  35.17439198
  0.12000000  40.20577138
  0.12000000  45.95684420
  0.12000000  52.53055609
  0.12000000  60.04457815
  0.12000000  68.63341327
  0.10000000  78.45080376
  0.10000000  89.67248338
  0.10000000 102.49932301
  0.10000000 117.16092631
  0.10000000 133.91973968
  0.10000000 153.07575008
  0.10000000 174.97185493
  0.10000000 200.00000000
  0.25000000   0.25000000
  0.28576024   0.28576024
  0.32663567   0.32663567
  0.37335795   0.37335795
  0.42676344   0.42676344
  0.48780810   0.48780810
  0.55758465   0.55758465
  0.63734210   0.63734210
  0.69660002   0.72850814
  0.71605158   0.83271465
  0.74416343   0.95182697
  0.76689507   1.08797723
  0.79689079   1.24360255
  0.82913240   1.42148868
  0.85886499   1.62481981
  0.89167047   1.85723562
  0.92490210   2.12289642
  0.96219075   2.42655760
  1.00239274   2.77365477
  1.05019297   3.17040105
  1.10571833   3.62389832
  1.16624741   4.14226427
  1.23599148   4.73477780
  1.31401332   5.41204505
  1.40598850   6.18618926
  1.51075650   7.07106781
  1.63021973   8.08252026
  1.76694397   9.23865185
  1.92303353  10.56015764
  2.10102333  12.07069291
  2.30459300  13.79729661
  2.53730637  15.77087540
  2.80370749  18.02675683
  3.10809401  20.60532174
  3.45595220  23.55272709
  3.85354883  26.92173218
  4.30795661  30.77264306
  4.82733028  35.17439198
  5.42104839  40.20577138
  6.09973060  45.95684420
  6.87553311  52.53055609
  7.76226989  60.04457815
  8.77582726  68.63341327
  9.93435645  78.45080376
 11.25859678  89.67248338
 12.77226382 102.49932301
 14.50246186 117.16092631
 16.48015541 133.91973968
 18.74073954 153.07575008
 21.32467014 174.97185493
 24.27820503 200.00000000
  2.40550926   0.25000000
  2.49566066   0.28576024
  2.58026002   0.32663567
  2.65912020   0.37335795
  2.73217366   0.42676344
  2.79945816   0.48780810
  2.86110034   0.55758465
  2.91729863   0.63734210
  2.96946891   0.72850814
  3.02551342   0.83271465
  3.08814971   0.95182697
  3.15806775   1.08797723
  3.23604512   1.24360255
  3.32300084   1.42148868
  3.42056332   1.62481981
  3.53072302   1.85723562
  3.65568695   2.12289642
  3.79792998   2.42655760
  3.96021536   2.77365477
  4.14560097   3.17040105
  4.35746976   3.62389832
  4.59965521   4.14226427
  4.87647491   4.73477780
  5.19288788   5.41204505
  5.55456396   6.18618926
  5.96797843   7.07106781
  6.44051758   8.08252026
  6.98066050   9.23865185
  7.59801518  10.56015764
  8.30378932  12.07069291
  9.11036124  13.79729661
 10.03236195  15.77087540
 11.08645177  18.02675683
 12.29106401  20.60532174
 13.66774642  23.55272709
 15.24173361  26.92173218
 17.04111870  30.77264306
 19.09774229  35.17439198
 21.44836310  40.20577138
 24.13505780  45.95684420
 27.20590852  52.53055609
 30.71589092  60.04457815
 34.72780130  68.63341327
 39.31357976  78.45080376
 44.55611801  89.67248338
 50.54885817 102.49932301
 57.39876834 117.16092631
 65.22843632 133.91973968
 74.17802458 153.07575008
 84.40773005 174.97185493
 96.10066511 200.00000000
