  1.00000000   0.25000000
  1.00000000   0.28576024
  1.00000000   0.32663567
  1.00000000   0.37335795
  1.00000000   0.42676344
  1.00000000   0.48780810
  1.00000000   0.55758465
  1.00000000   0.63734210
  1.00000000   0.72850814
  1.00000000   0.83271465
  1.00000000   0.95182697
  1.00000000   1.08797723
  1.00000000   1.24360255
  1.00000000   1.42148868
  1.00000000   1.62481981
  1.00000000   1.85723562
  0.98000000   2.12289642
  0.86000000   2.42655760
  0.74000000   2.77365477
  0.66000000   3.17040105
  0.58000000   3.62389832
  0.52000000   4.14226427
  0.48000000   4.73477780
  0.42000000   5.41204505
  0.38000000   6.18618926
  0.36000000   7.07106781
  0.32000000   8.08252026
  0.30000000   9.23865185
  0.28000000  10.56015764
  0.26000000  12.07069291
  0.24000000  13.79729661
  0.24000000  15.77087540
  0.22000000  18.02675683
  0.20000000  20.60532174
  0.20000000  23.55272709
  0.18000000  26.92173218
  0.18000000  30.77264306
  0.18000000  35.17439198
  0.16000000  40.20577138
  0.16000000  45.95684420
  0.16000000  52.53055609
  0.16000000  60.04457815
  0.14000000  68.63341327
  0.14000000  78.45080376
  0.16000000  89.67248338
  0.16000000 102.49932301
  0.16000000 117.16092631
  0.16000000 133.91973968
  0.16000000 153.07575008
  0.16000000 174.97185493
  0.14000000 200.00000000
  0.24975000   0.25000000
  0.28551024   0.28576024
  0.32638567   0.32663567
  0.37310795   0.37335795
  0.42651344   0.42676344
  0.48755810   0.48780810
  0.50151341   0.55758465
  0.50948915   0.63734210
  0.51404746   0.72850814
  0.51980316   0.83271465
  0.52745659   0.95182697
  0.53840358   1.08797723
  0.54740284   1.24360255
  0.55793346   1.42148868
  0.56911667   1.62481981
  0.58189954   1.85723562
  0.59518258   2.12289642
  0.61036564   2.42655760
  0.62598501   2.77365477
  0.64383860   3.17040105
  0.66424597   3.62389832
  0.68757244   4.14226427
  0.71423555   4.73477780
  0.74471258   5.41204505
  0.77567834   6.18618926
  0.81107349   7.07106781
  0.85153158   8.08252026
  0.89777685   9.23865185
  0.95063708  10.56015764
  1.01105849  12.07069291
  1.08012264  13.79729661
  1.14919790  15.77087540
  1.22815375  18.02675683
  1.33129634  20.60532174
  1.43445553  23.55272709
  1.55237071  26.92173218
  1.68715259  30.77264306
  1.84121380  35.17439198
  2.01731208  40.20577138
  2.21859963  45.95684420
  2.44867954  52.53055609
  2.71167032  60.04457815
  3.05522372  68.63341327
  3.49700629  78.45080376
  4.05809027  89.67248338
  4.82770065 102.49932301
  5.92732090 117.16092631
  7.35182004 133.91973968
  9.26742108 153.07575008
 11.45703156 174.97185493
 13.95984607 200.00000000
  0.62298653   0.25000000
  0.62888096   0.28576024
  0.63412875   0.32663567
  0.63879123   0.37335795
  0.64292608   0.42676344
  0.64658706   0.48780810
  0.65012656   0.55758465
  0.65412155   0.63734210
  0.65864031   0.72850814
  0.66374595   0.83271465
  0.66951131   0.95182697
  0.67601707   1.08797723
  0.68335276   1.24360255
  0.69161979   1.42148868
  0.70093576   1.62481981
  0.71143327   1.85723562
  0.72325742   2.12289642
  0.73660412   2.42655760
  0.75168491   2.77365477
  0.76871312   3.17040105
  0.78792586   3.62389832
  0.80958899   4.14226427
  0.83399879   4.73477780
  0.86148786   5.41204505
  0.89242920   6.18618926
  0.92724360   7.07106781
  0.96640001   8.08252026
  1.01043381   9.23865185
  1.05994293  10.56015764
  1.11560590  12.07069291
  1.17818872  13.79729661
  1.24856277  15.77087540
  1.32772173  18.02675683
  1.41676731  20.60532174
  1.51696220  23.55272709
  1.62970731  26.92173218
  1.75655218  30.77264306
  1.89914327  35.17439198
  2.05921841  40.20577138
  2.23830436  45.95684420
  2.43748411  52.53055609
  2.65676633  60.04457815
  2.89411129  68.63341327
  3.14408671  78.45080376
  3.39701677  89.67248338
  3.63954019 102.49932301
  3.85730769 117.16092631
  4.03905018 133.91973968
  4.17862754 153.07575008
  4.27301671 174.97185493
  4.32358310 200.00000000
