  1.00000000   0.25000000
  1.00000000   0.28576024
  1.00000000   0.32663567
  1.00000000   0.37335795
  1.00000000   0.42676344
  1.00000000   0.48780810
  1.00000000   0.55758465
  1.00000000   0.63734210
  1.00000000   0.72850814
  1.00000000   0.83271465
  1.00000000   0.95182697
  1.00000000   1.08797723
  1.00000000   1.24360255
  1.00000000   1.42148868
  1.00000000   1.62481981
  0.96000000   1.85723562
  0.84000000   2.12289642
  0.74000000   2.42655760
  0.64000000   2.77365477
  0.58000000   3.17040105
  0.52000000   3.62389832
  0.46000000   4.14226427
  0.42000000   4.73477780
  0.38000000   5.41204505
  0.34000000   6.18618926
  0.32000000   7.07106781
  0.30000000   8.08252026
  0.28000000   9.23865185
  0.26000000  10.56015764
  0.24000000  12.07069291
  0.22000000  13.79729661
  0.22000000  15.77087540
  0.20000000  18.02675683
  0.18000000  20.60532174
  0.18000000  23.55272709
  0.18000000  26.92173218
  0.16000000  30.77264306
  0.16000000  35.17439198
  0.16000000  40.20577138
  0.14000000  45.95684420
  0.14000000  52.53055609
  0.14000000  60.04457815
  0.14000000  68.63341327
  0.14000000  78.45080376
  0.14000000  89.67248338
  0.14000000 102.49932301
  0.14000000 117.16092631
  0.14000000 133.91973968
  0.14000000 153.07575008
  0.14000000 174.97185493
  0.14000000 200.00000000
  0.24975000   0.25000000
  0.28551024   0.28576024
  0.32638567   0.32663567
  0.37310795   0.37335795
  0.42651344   0.42676344
  0.45398354   0.48780810
  0.45747236   0.55758465
  0.46544811   0.63734210
  0.47000641   0.72850814
  0.47720132   0.83271465
  0.48555038   0.95182697
  0.49421585   1.08797723
  0.50344680   1.24360255
  0.51411996   1.42148868
  0.52530318   1.62481981
  0.53808605   1.85723562
  0.55136909   2.12289642
  0.56655214   2.42655760
  0.58217152   2.77365477
  0.60200883   3.17040105
  0.62241621   3.62389832
  0.64574268   4.14226427
  0.67240578   4.73477780
  0.70288281   5.41204505
  0.73771930   6.18618926
  0.77311444   7.07106781
  0.81862980   8.08252026
  0.86487507   9.23865185
  0.91773530  10.56015764
  0.97815671  12.07069291
  1.04722086  13.79729661
  1.12616401  15.77087540
  1.20511986  18.02675683
  1.30826245  20.60532174
  1.41142164  23.55272709
  1.54618185  26.92173218
  1.68096373  30.77264306
  1.83502494  35.17439198
  2.01112322  40.20577138
  2.21241077  45.95684420
  2.44249068  52.53055609
  2.74305157  60.04457815
  3.08660497  68.63341327
  3.47930059  78.45080376
  4.04038457  89.67248338
  4.87412915 102.49932301
  6.04705741 117.16092631
  7.72293875 133.91973968
  9.63853979 153.07575008
 11.82815027 174.97185493
 14.33096478 200.00000000
  0.60098738   0.25000000
  0.60647103   0.28576024
  0.61135003   0.32663567
  0.61568241   0.37335795
  0.61952261   0.42676344
  0.62306312   0.48780810
  0.62698722   0.55758465
  0.63142935   0.63734210
  0.63645368   0.72850814
  0.64213264   0.83271465
  0.64854619   0.95182697
  0.65578422   1.08797723
  0.66395065   1.24360255
  0.67316433   1.42148868
  0.68355635   1.62481981
  0.69527081   1.85723562
  0.70850792   2.12289642
  0.72347579   2.42655760
  0.74038969   2.77365477
  0.75948990   3.17040105
  0.78104556   3.62389832
  0.80535885   4.14226427
  0.83276833   4.73477780
  0.86365575   5.41204505
  0.89844985   6.18618926
  0.93763814   7.07106781
  0.98176565   8.08252026
  1.03145463   9.23865185
  1.08740906  10.56015764
  1.15042769  12.07069291
  1.22141880  13.79729661
  1.30142086  15.77087540
  1.39162578  18.02675683
  1.49336494  20.60532174
  1.60820603  23.55272709
  1.73787562  26.92173218
  1.88439854  30.77264306
  2.05001629  35.17439198
  2.23721791  40.20577138
  2.44869838  45.95684420
  2.68706282  52.53055609
  2.95420911  60.04457815
  3.25012521  68.63341327
  3.57051768  78.45080376
  3.90344019  89.67248338
  4.22727855 102.49932301
  4.51473104 117.16092631
  4.74374295 133.91973968
  4.90566252 153.07575008
  5.00357461 174.97185493
  5.04937544 200.00000000
