  1.00000000   0.25000000
  1.00000000   0.28576024
  1.00000000   0.32663567
  1.00000000   0.37335795
  1.00000000   0.42676344
  1.00000000   0.48780810
  1.00000000   0.55758465
  1.00000000   0.63734210
  1.00000000   0.72850814
  1.00000000   0.83271465
  1.00000000   0.95182697
  1.00000000   1.08797723
  1.00000000   1.24360255
  1.00000000   1.42148868
  1.00000000   1.62481981
  1.00000000   1.85723562
  0.88000000   2.12289642
  0.78000000   2.42655760
  0.68000000   2.77365477
  0.60000000   3.17040105
  0.54000000   3.62389832
  0.48000000   4.14226427
  0.44000000   4.73477780
  0.40000000   5.41204505
  0.36000000   6.18618926
  0.34000000   7.07106781
  0.30000000   8.08252026
  0.28000000   9.23865185
  0.26000000  10.56015764
  0.24000000  12.07069291
  0.24000000  13.79729661
  0.22000000  15.77087540
  0.20000000  18.02675683
  0.20000000  20.60532174
  0.18000000  23.55272709
  0.18000000  26.92173218
  0.18000000  30.77264306
  0.16000000  35.17439198
  0.16000000  40.20577138
  0.16000000  45.95684420
  0.14000000  52.53055609
  0.14000000  60.04457815
  0.14000000  68.63341327
  0.14000000  78.45080376
  0.14000000  89.67248338
  0.14000000 102.49932301
  0.16000000 117.16092631
  0.16000000 133.91973968
  0.16000000 153.07575008
  0.14000000 174.97185493
  0.12000000 200.00000000
  0.24975000   0.25000000
  0.28551024   0.28576024
  0.32638567   0.32663567
  0.37310795   0.37335795
  0.42651344   0.42676344
  0.46314024   0.48780810
  0.47011789   0.55758465
  0.47410576   0.63734210
  0.47866407   0.72850814
  0.48614179   0.83271465
  0.49488024   0.95182697
  0.50405367   1.08797723
  0.51260863   1.24360255
  0.52292073   1.42148868
  0.53410394   1.62481981
  0.54688681   1.85723562
  0.56016985   2.12289642
  0.57383461   2.42655760
  0.59118946   2.77365477
  0.60904305   3.17040105
  0.62945042   3.62389832
  0.65277689   4.14226427
  0.67944000   4.73477780
  0.70653069   5.41204505
  0.74136718   6.18618926
  0.77676232   7.07106781
  0.81722042   8.08252026
  0.86346568   9.23865185
  0.91632591  10.56015764
  0.97674733  12.07069291
  1.04581147  13.79729661
  1.11488673  15.77087540
  1.20512199  18.02675683
  1.29537176  20.60532174
  1.39853095  23.55272709
  1.51644613  26.92173218
  1.65122801  30.77264306
  1.80528922  35.17439198
  1.98138750  40.20577138
  2.18267505  45.95684420
  2.41275496  52.53055609
  2.71331585  60.04457815
  3.05686925  68.63341327
  3.49865182  78.45080376
  4.11584420  89.67248338
  4.94958878 102.49932301
  6.12251704 117.16092631
  7.79839838 133.91973968
  9.71399942 153.07575008
 11.90360990 174.97185493
 14.40642441 200.00000000
  0.59204500   0.25000000
  0.59736596   0.28576024
  0.60209899   0.32663567
  0.60630079   0.37335795
  0.61002449   0.42676344
  0.61338480   0.48780810
  0.61702802   0.55758465
  0.62115223   0.63734210
  0.62581673   0.72850814
  0.63108987   0.83271465
  0.63704571   0.95182697
  0.64376732   1.08797723
  0.65134945   1.24360255
  0.65990086   1.42148868
  0.66954457   1.62481981
  0.68041517   1.85723562
  0.69267861   2.12289642
  0.70654481   2.42655760
  0.72221307   2.77365477
  0.73990527   3.17040105
  0.75986966   3.62389832
  0.78238365   4.14226427
  0.80775909   4.73477780
  0.83634502   5.41204505
  0.86853412   6.18618926
  0.90476892   7.07106781
  0.94554887   8.08252026
  0.99143841   9.23865185
  1.04307453  10.56015764
  1.10118165  12.07069291
  1.16658593  13.79729661
  1.24022481  15.77087540
  1.32314837  18.02675683
  1.41657639  20.60532174
  1.52186674  23.55272709
  1.64056971  26.92173218
  1.77439196  30.77264306
  1.92525191  35.17439198
  2.09507832  40.20577138
  2.28574664  45.95684420
  2.49867879  52.53055609
  2.73401555  60.04457815
  2.98931617  68.63341327
  3.25785403  78.45080376
  3.52724931  89.67248338
  3.78050746 102.49932301
  4.00078120 117.16092631
  4.17684627 133.91973968
  4.30513601 153.07575008
  4.38675479 174.97185493
  4.42751602 200.00000000
