  1.00000000   0.25000000
  1.00000000   0.28576024
  1.00000000   0.32663567
  1.00000000   0.37335795
  1.00000000   0.42676344
  1.00000000   0.48780810
  1.00000000   0.55758465
  1.00000000   0.63734210
  1.00000000   0.72850814
  1.00000000   0.83271465
  1.00000000   0.95182697
  1.00000000   1.08797723
  1.00000000   1.24360255
  1.00000000   1.42148868
  1.00000000   1.62481981
  1.00000000   1.85723562
  1.00000000   2.12289642
  0.92000000   2.42655760
  0.80000000   2.77365477
  0.70000000   3.17040105
  0.62000000   3.62389832
  0.56000000   4.14226427
  0.50000000   4.73477780
  0.46000000   5.41204505
  0.42000000   6.18618926
  0.38000000   7.07106781
  0.34000000   8.08252026
  0.32000000   9.23865185
  0.28000000  10.56015764
  0.26000000  12.07069291
  0.24000000  13.79729661
  0.22000000  15.77087540
  0.20000000  18.02675683
  0.20000000  20.60532174
  0.18000000  23.55272709
  0.18000000  26.92173218
  0.16000000  30.77264306
  0.16000000  35.17439198
  0.16000000  40.20577138
  0.14000000  45.95684420
  0.14000000  52.53055609
  0.14000000  60.04457815
  0.14000000  68.63341327
  0.12000000  78.45080376
  0.12000000  89.67248338
  0.12000000 102.49932301
  0.12000000 117.16092631
  0.12000000 133.91973968
  0.10000000 153.07575008
  0.10000000 174.97185493
  0.12000000 200.00000000
  0.24975000   0.25000000
  0.28551024   0.28576024
  0.32638567   0.32663567
  0.37310795   0.37335795
  0.42651344   0.42676344
  0.48755810   0.48780810
  0.55733465   0.55758465
  0.62114061   0.63734210
  0.63481551   0.72850814
  0.64320123   0.83271465
  0.65878037   0.95182697
  0.67325774   1.08797723
  0.68959893   1.24360255
  0.70678686   1.42148868
  0.72588377   1.62481981
  0.74423656   1.85723562
  0.76568222   2.12289642
  0.78693850   2.42655760
  0.80949981   2.77365477
  0.83528832   3.17040105
  0.86249816   3.62389832
  0.89100829   4.14226427
  0.92359653   4.73477780
  0.96084623   5.41204505
  0.99955344   6.18618926
  1.04379737   7.07106781
  1.08931273   8.08252026
  1.14711931   9.23865185
  1.20658707  10.56015764
  1.27456115  12.07069291
  1.35225832  13.79729661
  1.44106937  15.77087540
  1.54258403  18.02675683
  1.65861945  20.60532174
  1.77651567  23.55272709
  1.92812089  26.92173218
  2.10141188  30.77264306
  2.29949059  35.17439198
  2.50074576  40.20577138
  2.75954404  45.95684420
  3.02249251  52.53055609
  3.36062351  60.04457815
  3.74712109  68.63341327
  4.13981671  78.45080376
  4.64479229  89.67248338
  5.15786587 102.49932301
  5.81763802 117.16092631
  6.48799056 133.91973968
  7.44579108 153.07575008
  9.30695999 174.97185493
 11.80977450 200.00000000
  0.99725146   0.25000000
  1.01244187   0.28576024
  1.02611273   0.32663567
  1.03837666   0.37335795
  1.04934685   0.42676344
  1.05913453   0.48780810
  1.06784715   0.55758465
  1.07562309   0.63734210
  1.08371888   0.72850814
  1.09278522   0.83271465
  1.10292313   0.95182697
  1.11424367   1.08797723
  1.12687354   1.24360255
  1.14095717   1.42148868
  1.15666170   1.62481981
  1.17418465   1.85723562
  1.19375800   2.12289642
  1.21566294   2.42655760
  1.24026745   2.77365477
  1.26793640   3.17040105
  1.29908170   3.62389832
  1.33417532   4.14226427
  1.37375671   4.73477780
  1.41844901   5.41204505
  1.46896925   6.18618926
  1.52614563   7.07106781
  1.59093142   8.08252026
  1.66441897   9.23865185
  1.74787941  10.56015764
  1.84275150  12.07069291
  1.95068150  13.79729661
  2.07354266  15.77087540
  2.21346576  18.02675683
  2.37289502  20.60532174
  2.55457012  23.55272709
  2.76166408  26.92173218
  2.99779758  30.77264306
  3.26709529  35.17439198
  3.57427183  40.20577138
  3.92485119  45.95684420
  4.32494767  52.53055609
  4.78158737  60.04457815
  5.30288774  68.63341327
  5.89835622  78.45080376
  6.57859327  89.67248338
  7.35562071 102.49932301
  8.24329171 117.16092631
  9.25648076 133.91973968
 10.40439056 153.07575008
 11.58748450 174.97185493
 12.37452797 200.00000000
