  1.00000000   0.25000000
  1.00000000   0.28576024
  1.00000000   0.32663567
  1.00000000   0.37335795
  1.00000000   0.42676344
  1.00000000   0.48780810
  1.00000000   0.55758465
  1.00000000   0.63734210
  1.00000000   0.72850814
  1.00000000   0.83271465
  1.00000000   0.95182697
  1.00000000   1.08797723
  1.00000000   1.24360255
  1.00000000   1.42148868
  1.00000000   1.62481981
  1.00000000   1.85723562
  1.00000000   2.12289642
  0.86000000   2.42655760
  0.76000000   2.77365477
  0.66000000   3.17040105
  0.60000000   3.62389832
  0.52000000   4.14226427
  0.48000000   4.73477780
  0.42000000   5.41204505
  0.38000000   6.18618926
  0.36000000   7.07106781
  0.32000000   8.08252026
  0.30000000   9.23865185
  0.28000000  10.56015764
  0.26000000  12.07069291
  0.24000000  13.79729661
  0.22000000  15.77087540
  0.20000000  18.02675683
  0.20000000  20.60532174
  0.18000000  23.55272709
  0.18000000  26.92173218
  0.16000000  30.77264306
  0.16000000  35.17439198
  0.16000000  40.20577138
  0.14000000  45.95684420
  0.14000000  52.53055609
  0.14000000  60.04457815
  0.14000000  68.63341327
  0.12000000  78.45080376
  0.12000000  89.67248338
  0.12000000 102.49932301
  0.12000000 117.16092631
  0.12000000 133.91973968
  0.10000000 153.07575008
  0.10000000 174.97185493
  0.12000000 200.00000000
  0.24975000   0.25000000
  0.28551024   0.28576024
  0.32638567   0.32663567
  0.37310795   0.37335795
  0.42651344   0.42676344
  0.48755810   0.48780810
  0.55733465   0.55758465
  0.58923763   0.63734210
  0.59835423   0.72850814
  0.60974176   0.83271465
  0.62033313   0.95182697
  0.63313594   1.08797723
  0.64729275   1.24360255
  0.66171674   1.42148868
  0.67688761   1.62481981
  0.69381068   1.85723562
  0.71107863   2.12289642
  0.72929830   2.42655760
  0.75012413   2.77365477
  0.77194518   3.17040105
  0.79688753   3.62389832
  0.82539766   4.14226427
  0.85502333   4.73477780
  0.88888670   5.41204505
  0.92759391   6.18618926
  0.97183783   7.07106781
  1.01735319   8.08252026
  1.07515977   9.23865185
  1.13462753  10.56015764
  1.20260162  12.07069291
  1.28029879  13.79729661
  1.36910983  15.77087540
  1.47062450  18.02675683
  1.57376709  20.60532174
  1.70640034  23.55272709
  1.84116054  26.92173218
  2.01445153  30.77264306
  2.19052149  35.17439198
  2.41693356  40.20577138
  2.64697647  45.95684420
  2.90992495  52.53055609
  3.24805594  60.04457815
  3.59160934  68.63341327
  3.98430496  78.45080376
  4.43317215  89.67248338
  4.94624573 102.49932301
  5.60601788 117.16092631
  6.36016448 133.91973968
  7.70108521 153.07575008
  9.89069570 174.97185493
 12.39351020 200.00000000
  0.89958826   0.25000000
  0.91193067   0.28576024
  0.92300705   0.32663567
  0.93291830   0.37335795
  0.94176386   0.42676344
  0.94963995   0.48780810
  0.95663829   0.55758465
  0.96314139   0.63734210
  0.97034374   0.72850814
  0.97844389   0.83271465
  0.98754493   0.95182697
  0.99776436   1.08797723
  1.00923328   1.24360255
  1.02210069   1.42148868
  1.03653806   1.62481981
  1.05274545   1.85723562
  1.07095066   2.12289642
  1.09144750   2.42655760
  1.11458126   2.77365477
  1.14069264   3.17040105
  1.17016877   3.62389832
  1.20344840   4.14226427
  1.24103255   4.73477780
  1.28349204   5.41204505
  1.33148077   6.18618926
  1.38574510   7.07106781
  1.44714061   8.08252026
  1.51664104   9.23865185
  1.59535879  10.56015764
  1.68456662  12.07069291
  1.78571465  13.79729661
  1.90045398  15.77087540
  2.03066810  18.02675683
  2.17852025  20.60532174
  2.34648108  23.55272709
  2.53734988  26.92173218
  2.75439215  30.77264306
  3.00128863  35.17439198
  3.28227131  40.20577138
  3.60228032  45.95684420
  3.96681138  52.53055609
  4.38220175  60.04457815
  4.85578921  68.63341327
  5.39602566  78.45080376
  6.01246004  89.67248338
  6.71564461 102.49932301
  7.51551127 117.16092631
  8.41005602 133.91973968
  9.34149868 153.07575008
 10.11733382 174.97185493
 10.51178692 200.00000000
