  1.00000000   0.25000000
  1.00000000   0.28576024
  1.00000000   0.32663567
  1.00000000   0.37335795
  1.00000000   0.42676344
  1.00000000   0.48780810
  1.00000000   0.55758465
  1.00000000   0.63734210
  1.00000000   0.72850814
  1.00000000   0.83271465
  1.00000000   0.95182697
  1.00000000   1.08797723
  1.00000000   1.24360255
  1.00000000   1.42148868
  1.00000000   1.62481981
  1.00000000   1.85723562
  0.92000000   2.12289642
  0.80000000   2.42655760
  0.70000000   2.77365477
  0.62000000   3.17040105
  0.54000000   3.62389832
  0.48000000   4.14226427
  0.44000000   4.73477780
  0.40000000   5.41204505
  0.36000000   6.18618926
  0.34000000   7.07106781
  0.30000000   8.08252026
  0.28000000   9.23865185
  0.26000000  10.56015764
  0.24000000  12.07069291
  0.22000000  13.79729661
  0.22000000  15.77087540
  0.20000000  18.02675683
  0.18000000  20.60532174
  0.18000000  23.55272709
  0.18000000  26.92173218
  0.16000000  30.77264306
  0.16000000  35.17439198
  0.16000000  40.20577138
  0.14000000  45.95684420
  0.14000000  52.53055609
  0.14000000  60.04457815
  0.14000000  68.63341327
  0.12000000  78.45080376
  0.12000000  89.67248338
  0.12000000 102.49932301
  0.12000000 117.16092631
  0.12000000 133.91973968
  0.10000000 153.07575008
  0.10000000 174.97185493
  0.12000000 200.00000000
  0.24975000   0.25000000
  0.28551024   0.28576024
  0.32638567   0.32663567
  0.37310795   0.37335795
  0.42651344   0.42676344
  0.48755810   0.48780810
  0.52942403   0.55758465
  0.53341190   0.63734210
  0.54252850   0.72850814
  0.55209243   0.83271465
  0.56080062   0.95182697
  0.57101050   1.08797723
  0.58178500   1.24360255
  0.59361992   1.42148868
  0.60747841   1.62481981
  0.62258544   1.85723562
  0.63719678   2.12289642
  0.65389815   2.42655760
  0.67298849   2.77365477
  0.69282581   3.17040105
  0.71550067   3.62389832
  0.74401080   4.14226427
  0.77363647   4.73477780
  0.80411350   5.41204505
  0.84282071   6.18618926
  0.88264024   7.07106781
  0.93321287   8.08252026
  0.98523879   9.23865185
  1.04470655  10.56015764
  1.11268064  12.07069291
  1.18174478  13.79729661
  1.27055583  15.77087540
  1.36079109  18.02675683
  1.47682651  20.60532174
  1.59472272  23.55272709
  1.72948293  26.92173218
  1.88351936  30.77264306
  2.05958932  35.17439198
  2.26084449  40.20577138
  2.49088741  45.95684420
  2.75383588  52.53055609
  3.05439676  60.04457815
  3.35500599  68.63341327
  3.74770161  78.45080376
  4.19656880  89.67248338
  4.70964238 102.49932301
  5.44272255 117.16092631
  6.53204542 133.91973968
  8.44764646 153.07575008
 10.63725694 174.97185493
 13.14007145 200.00000000
  0.77147376   0.25000000
  0.78053333   0.28576024
  0.78863356   0.32663567
  0.79585777   0.37335795
  0.80228620   0.42676344
  0.80799504   0.48780810
  0.81317212   0.55758465
  0.81880219   0.63734210
  0.82516040   0.72850814
  0.83233375   0.83271465
  0.84042233   0.95182697
  0.84953748   1.08797723
  0.85980426   1.24360255
  0.87136561   1.42148868
  0.88438824   1.62481981
  0.89905910   1.85723562
  0.91559671   2.12289642
  0.93429538   2.42655760
  0.95543608   2.77365477
  0.97932744   3.17040105
  1.00631754   3.62389832
  1.03679772   4.14226427
  1.07121180   4.73477780
  1.11005947   5.41204505
  1.15390887   6.18618926
  1.20340173   7.07106781
  1.25927518   8.08252026
  1.32235570   9.23865185
  1.39358847  10.56015764
  1.47405172  12.07069291
  1.56497644  13.79729661
  1.66776998  15.77087540
  1.78403769  18.02675683
  1.91560333  20.60532174
  2.06460573  23.55272709
  2.23341204  26.92173218
  2.42482793  30.77264306
  2.64198556  35.17439198
  2.88851008  40.20577138
  3.16862305  45.95684420
  3.48703984  52.53055609
  3.84917943  60.04457815
  4.26124233  68.63341327
  4.73009551  78.45080376
  5.26236234  89.67248338
  5.86098164 102.49932301
  6.51534262 117.16092631
  7.17982067 133.91973968
  7.75815321 153.07575008
  8.14394602 174.97185493
  8.31443278 200.00000000
