  1.00000000   0.25000000
  1.00000000   0.28576024
  1.00000000   0.32663567
  1.00000000   0.37335795
  1.00000000   0.42676344
  1.00000000   0.48780810
  1.00000000   0.55758465
  1.00000000   0.63734210
  1.00000000   0.72850814
  1.00000000   0.83271465
  1.00000000   0.95182697
  1.00000000   1.08797723
  1.00000000   1.24360255
  1.00000000   1.42148868
  1.00000000   1.62481981
  1.00000000   1.85723562
  1.00000000   2.12289642
  0.90000000   2.42655760
  0.78000000   2.77365477
  0.68000000   3.17040105
  0.60000000   3.62389832
  0.54000000   4.14226427
  0.48000000   4.73477780
  0.44000000   5.41204505
  0.40000000   6.18618926
  0.36000000   7.07106781
  0.34000000   8.08252026
  0.32000000   9.23865185
  0.28000000  10.56015764
  0.26000000  12.07069291
  0.26000000  13.79729661
  0.24000000  15.77087540
  0.22000000  18.02675683
  0.20000000  20.60532174
  0.20000000  23.55272709
  0.18000000  26.92173218
  0.18000000  30.77264306
  0.18000000  35.17439198
  0.16000000  40.20577138
  0.16000000  45.95684420
  0.16000000  52.53055609
  0.16000000  60.04457815
  0.16000000  68.63341327
  0.14000000  78.45080376
  0.16000000  89.67248338
  0.16000000 102.49932301
  0.16000000 117.16092631
  0.16000000 133.91973968
  0.16000000 153.07575008
  0.16000000 174.97185493
  0.14000000 200.00000000
  0.24975000   0.25000000
  0.28551024   0.28576024
  0.32638567   0.32663567
  0.37310795   0.37335795
  0.42651344   0.42676344
  0.48755810   0.48780810
  0.51895755   0.55758465
  0.52294542   0.63734210
  0.53206202   0.72850814
  0.53821004   0.83271465
  0.54646475   0.95182697
  0.55605023   1.08797723
  0.56601024   1.24360255
  0.57512386   1.42148868
  0.58732373   1.62481981
  0.60010660   1.85723562
  0.61471795   2.12289642
  0.62990100   2.42655760
  0.64552038   2.77365477
  0.66337396   3.17040105
  0.68378134   3.62389832
  0.70710781   4.14226427
  0.73377091   4.73477780
  0.76424794   5.41204505
  0.79521371   6.18618926
  0.83503324   7.07106781
  0.87549134   8.08252026
  0.92173661   9.23865185
  0.97459684  10.56015764
  1.03501825  12.07069291
  1.09544938  13.79729661
  1.17439253  15.77087540
  1.25334838  18.02675683
  1.34359815  20.60532174
  1.44675734  23.55272709
  1.56467252  26.92173218
  1.69945440  30.77264306
  1.85351561  35.17439198
  2.02961389  40.20577138
  2.23090144  45.95684420
  2.46098135  52.53055609
  2.72397212  60.04457815
  3.06752553  68.63341327
  3.50930810  78.45080376
  4.07039208  89.67248338
  4.77586826 102.49932301
  5.72887248 117.16092631
  7.15337161 133.91973968
  9.06897265 153.07575008
 11.25858314 174.97185493
 13.76139764 200.00000000
  0.64268275   0.25000000
  0.64895766   0.28576024
  0.65454736   0.32663567
  0.65951610   0.37335795
  0.66392453   0.42676344
  0.66782929   0.48780810
  0.67142673   0.55758465
  0.67541061   0.63734210
  0.67991618   0.72850814
  0.68500652   0.83271465
  0.69075324   0.95182697
  0.69723642   1.08797723
  0.70454539   1.24360255
  0.71278019   1.42148868
  0.72205565   1.62481981
  0.73250336   1.85723562
  0.74426946   2.12289642
  0.75753282   2.42655760
  0.77251809   2.77365477
  0.78943750   3.17040105
  0.80852688   3.62389832
  0.83004969   4.14226427
  0.85429885   4.73477780
  0.88160493   5.41204505
  0.91233535   6.18618926
  0.94690334   7.07106781
  0.98577673   8.08252026
  1.02947596   9.23865185
  1.07859390  10.56015764
  1.13379548  12.07069291
  1.19583694  13.79729661
  1.26557502  15.77087540
  1.34397123  18.02675683
  1.43210818  20.60532174
  1.53123258  23.55272709
  1.64268961  26.92173218
  1.76801850  30.77264306
  1.90881566  35.17439198
  2.06677436  40.20577138
  2.24345833  45.95684420
  2.44000172  52.53055609
  2.65663123  60.04457815
  2.89179839  68.63341327
  3.14099160  78.45080376
  3.39572169  89.67248338
  3.64365442 102.49932301
  3.87061907 117.16092631
  4.06425149 133.91973968
  4.21647460 153.07575008
  4.32213953 174.97185493
  4.38044522 200.00000000
