  1.00000000   0.25000000
  1.00000000   0.28576024
  1.00000000   0.32663567
  1.00000000   0.37335795
  1.00000000   0.42676344
  1.00000000   0.48780810
  1.00000000   0.55758465
  1.00000000   0.63734210
  1.00000000   0.72850814
  1.00000000   0.83271465
  1.00000000   0.95182697
  1.00000000   1.08797723
  1.00000000   1.24360255
  1.00000000   1.42148868
  1.00000000   1.62481981
  0.98000000   1.85723562
  0.86000000   2.12289642
  0.74000000   2.42655760
  0.66000000   2.77365477
  0.58000000   3.17040105
  0.52000000   3.62389832
  0.46000000   4.14226427
  0.42000000   4.73477780
  0.38000000   5.41204505
  0.34000000   6.18618926
  0.30000000   7.07106781
  0.28000000   8.08252026
  0.26000000   9.23865185
  0.24000000  10.56015764
  0.22000000  12.07069291
  0.20000000  13.79729661
  0.18000000  15.77087540
  0.18000000  18.02675683
  0.16000000  20.60532174
  0.16000000  23.55272709
  0.16000000  26.92173218
  0.14000000  30.77264306
  0.14000000  35.17439198
  0.14000000  40.20577138
  0.12000000  45.95684420
  0.12000000  52.53055609
  0.12000000  60.04457815
  0.12000000  68.63341327
  0.12000000  78.45080376
  0.12000000  89.67248338
  0.12000000 102.49932301
  0.12000000 117.16092631
  0.12000000 133.91973968
  0.10000000 153.07575008
  0.10000000 174.97185493
  0.10000000 200.00000000
  0.25000000   0.25000000
  0.28576024   0.28576024
  0.32663567   0.32663567
  0.37335795   0.37335795
  0.42676344   0.42676344
  0.48780810   0.48780810
  0.55758465   0.55758465
  0.63734210   0.63734210
  0.67836682   0.72850814
  0.68769552   0.83271465
  0.70520171   0.95182697
  0.72581215   1.08797723
  0.74883873   1.24360255
  0.76988060   1.42148868
  0.79752319   1.62481981
  0.82364935   1.85723562
  0.85205033   2.12289642
  0.88041812   2.42655760
  0.90979706   2.77365477
  0.94321369   3.17040105
  0.97635473   3.62389832
  1.01523218   4.14226427
  1.05670813   4.73477780
  1.10411683   5.41204505
  1.15443621   6.18618926
  1.21195331   7.07106781
  1.27769772   8.08252026
  1.35284628   9.23865185
  1.43874415  10.56015764
  1.53692894  12.07069291
  1.64915818  13.79729661
  1.77744081  15.77087540
  1.92407310  18.02675683
  2.09167982  20.60532174
  2.28326117  23.55272709
  2.48540147  26.92173218
  2.73571068  30.77264306
  3.02182436  35.17439198
  3.34886402  40.20577138
  3.72268375  45.95684420
  4.14997502  52.53055609
  4.63838646  60.04457815
  5.19666074  68.63341327
  5.83479112  78.45080376
  6.56420030  89.67248338
  7.39794487 102.49932301
  8.35094909 117.16092631
  9.44027196 133.91973968
 10.58963258 153.07575008
 12.01287940 174.97185493
 13.76484955 200.00000000
  1.48183137   0.25000000
  1.51555628   0.28576024
  1.54634536   0.32663567
  1.57432599   0.37335795
  1.59964891   0.42676344
  1.62248054   0.48780810
  1.64299627   0.55758465
  1.66137491   0.63734210
  1.67846913   0.72850814
  1.69757026   0.83271465
  1.71894872   0.95182697
  1.74276073   1.08797723
  1.76926563   1.24360255
  1.79871849   1.42148868
  1.83140601   1.62481981
  1.86768375   1.85723562
  1.90811982   2.12289642
  1.95338573   2.42655760
  2.00422743   2.77365477
  2.06149805   3.17040105
  2.12618627   3.62389832
  2.19943661   4.14226427
  2.28257839   4.73477780
  2.37714984   5.41204505
  2.48492322   6.18618926
  2.60791270   7.07106781
  2.74839290   8.08252026
  2.90892838   9.23865185
  3.09242275  10.56015764
  3.30215815  12.07069291
  3.54189721  13.79729661
  3.81592723  15.77087540
  4.12914603  18.02675683
  4.48717021  20.60532174
  4.89643861  23.55272709
  5.36412623  26.92173218
  5.89885353  30.77264306
  6.51014555  35.17439198
  7.20867021  40.20577138
  8.00691573  45.95684420
  8.91967599  52.53055609
  9.96323720  60.04457815
 11.15601809  68.63341327
 12.51922151  78.45080376
 14.07721612  89.67248338
 15.85789972 102.49932301
 17.89310888 117.16092631
 20.21926204 133.91973968
 22.87820732 153.07575008
 25.91826092 174.97185493
 29.39212519 200.00000000
