  1.00000000   0.25000000
  1.00000000   0.28576024
  1.00000000   0.32663567
  1.00000000   0.37335795
  1.00000000   0.42676344
  1.00000000   0.48780810
  1.00000000   0.55758465
  1.00000000   0.63734210
  1.00000000   0.72850814
  1.00000000   0.83271465
  1.00000000   0.95182697
  1.00000000   1.08797723
  1.00000000   1.24360255
  1.00000000   1.42148868
  1.00000000   1.62481981
  1.00000000   1.85723562
  1.00000000   2.12289642
  0.90000000   2.42655760
  0.78000000   2.77365477
  0.70000000   3.17040105
  0.62000000   3.62389832
  0.56000000   4.14226427
  0.50000000   4.73477780
  0.44000000   5.41204505
  0.40000000   6.18618926
  0.36000000   7.07106781
  0.34000000   8.08252026
  0.30000000   9.23865185
  0.28000000  10.56015764
  0.26000000  12.07069291
  0.24000000  13.79729661
  0.22000000  15.77087540
  0.20000000  18.02675683
  0.20000000  20.60532174
  0.18000000  23.55272709
  0.18000000  26.92173218
  0.16000000  30.77264306
  0.16000000  35.17439198
  0.16000000  40.20577138
  0.14000000  45.95684420
  0.14000000  52.53055609
  0.14000000  60.04457815
  0.14000000  68.63341327
  0.12000000  78.45080376
  0.12000000  89.67248338
  0.12000000 102.49932301
  0.12000000 117.16092631
  0.12000000 133.91973968
  0.10000000 153.07575008
  0.10000000 174.97185493
  0.12000000 200.00000000
  0.24975000   0.25000000
  0.28551024   0.28576024
  0.32638567   0.32663567
  0.37310795   0.37335795
  0.42651344   0.42676344
  0.48755810   0.48780810
  0.55733465   0.55758465
  0.61316486   0.63734210
  0.62228147   0.72850814
  0.63445060   0.83271465
  0.64584911   0.95182697
  0.65976326   1.08797723
  0.67536976   1.24360255
  0.69162808   1.42148868
  0.70940451   1.62481981
  0.72761877   1.85723562
  0.74754333   2.12289642
  0.76728130   2.42655760
  0.78984262   2.77365477
  0.81364740   3.17040105
  0.83858975   3.62389832
  0.86709987   4.14226427
  0.89968812   4.73477780
  0.93355148   5.41204505
  0.97225869   6.18618926
  1.01650262   7.07106781
  1.06707524   8.08252026
  1.11910116   9.23865185
  1.17856892  10.56015764
  1.24654301  12.07069291
  1.32424018  13.79729661
  1.41305122  15.77087540
  1.51456589  18.02675683
  1.63060131  20.60532174
  1.76323455  23.55272709
  1.89799475  26.92173218
  2.07128574  30.77264306
  2.24735570  35.17439198
  2.47376777  40.20577138
  2.70381068  45.95684420
  2.99962772  52.53055609
  3.30018860  60.04457815
  3.68668618  68.63341327
  4.07938180  78.45080376
  4.58435738  89.67248338
  5.09743097 102.49932301
  5.75720312 117.16092631
  6.42755565 133.91973968
  7.48113622 153.07575008
  9.67074671 174.97185493
 12.17356122 200.00000000
  0.96304358   0.25000000
  0.97720233   0.28576024
  0.98993210   0.32663567
  1.00134162   0.37335795
  1.01153939   0.42676344
  1.02063143   0.48780810
  1.02871968   0.55758465
  1.03599116   0.63734210
  1.04373481   0.72850814
  1.05241746   0.83271465
  1.06214211   0.95182697
  1.07302528   1.08797723
  1.08519734   1.24360255
  1.09880649   1.42148868
  1.11402320   1.62481981
  1.13104713   1.85723562
  1.15011036   2.12289642
  1.17149687   2.42655760
  1.19557029   2.77365477
  1.22268900   3.17040105
  1.25325493   3.62389832
  1.28772690   4.14226427
  1.32663326   4.73477780
  1.37057743   5.41204505
  1.42025475   6.18618926
  1.47646310   7.07106781
  1.54011954   8.08252026
  1.61228013   9.23865185
  1.69415237  10.56015764
  1.78711361  12.07069291
  1.89273729  13.79729661
  2.01281426  15.77087540
  2.14938476  18.02675683
  2.30478925  20.60532174
  2.48166854  23.55272709
  2.68306356  26.92173218
  2.91246125  30.77264306
  3.17382958  35.17439198
  3.47171700  40.20577138
  3.81142110  45.95684420
  4.19885253  52.53055609
  4.64077503  60.04457815
  5.14505522  68.63341327
  5.72079400  78.45080376
  6.37823229  89.67248338
  7.12898919 102.49932301
  7.98616359 117.16092631
  8.96178201 133.91973968
 10.04362239 153.07575008
 11.07488775 174.97185493
 11.68416678 200.00000000
