  1.00000000   0.25000000
  1.00000000   0.28576024
  1.00000000   0.32663567
  1.00000000   0.37335795
  1.00000000   0.42676344
  1.00000000   0.48780810
  1.00000000   0.55758465
  1.00000000   0.63734210
  1.00000000   0.72850814
  1.00000000   0.83271465
  1.00000000   0.95182697
  1.00000000   1.08797723
  1.00000000   1.24360255
  1.00000000   1.42148868
  1.00000000   1.62481981
  0.96000000   1.85723562
  0.84000000   2.12289642
  0.72000000   2.42655760
  0.64000000   2.77365477
  0.58000000   3.17040105
  0.50000000   3.62389832
  0.46000000   4.14226427
  0.42000000   4.73477780
  0.38000000   5.41204505
  0.34000000   6.18618926
  0.32000000   7.07106781
  0.30000000   8.08252026
  0.28000000   9.23865185
  0.26000000  10.56015764
  0.24000000  12.07069291
  0.22000000  13.79729661
  0.20000000  15.77087540
  0.20000000  18.02675683
  0.18000000  20.60532174
  0.18000000  23.55272709
  0.18000000  26.92173218
  0.16000000  30.77264306
  0.16000000  35.17439198
  0.16000000  40.20577138
  0.14000000  45.95684420
  0.14000000  52.53055609
  0.14000000  60.04457815
  0.14000000  68.63341327
  0.14000000  78.45080376
  0.14000000  89.67248338
  0.14000000 102.49932301
  0.14000000 117.16092631
  0.14000000 133.91973968
  0.14000000 153.07575008
  0.14000000 174.97185493
  0.14000000 200.00000000
  0.24975000   0.25000000
  0.28551024   0.28576024
  0.32638567   0.32663567
  0.37310795   0.37335795
  0.42651344   0.42676344
  0.45703577   0.48780810
  0.46401342   0.55758465
  0.46800130   0.63734210
  0.47711790   0.72850814
  0.48206938   0.83271465
  0.49063046   0.95182697
  0.49957251   1.08797723
  0.50921175   1.24360255
  0.51911698   1.42148868
  0.53131685   1.62481981
  0.54409972   1.85723562
  0.55738276   2.12289642
  0.57256582   2.42655760
  0.58992068   2.77365477
  0.60777426   3.17040105
  0.63044912   3.62389832
  0.65377559   4.14226427
  0.68043870   4.73477780
  0.71091573   5.41204505
  0.74575221   6.18618926
  0.78557175   7.07106781
  0.82602985   8.08252026
  0.87805577   9.23865185
  0.93091600  10.56015764
  0.99133741  12.07069291
  1.06040156  13.79729661
  1.13934471  15.77087540
  1.22957997  18.02675683
  1.31982974  20.60532174
  1.43772595  23.55272709
  1.55564113  26.92173218
  1.70967757  30.77264306
  1.86373878  35.17439198
  2.03983706  40.20577138
  2.24112461  45.95684420
  2.50407308  52.53055609
  2.76706386  60.04457815
  3.11061726  68.63341327
  3.50331288  78.45080376
  4.00828846  89.67248338
  4.77789884 102.49932301
  5.87751909 117.16092631
  7.55340042 133.91973968
  9.46900146 153.07575008
 11.65861195 174.97185493
 14.16142646 200.00000000
  0.61895365   0.25000000
  0.62477165   0.28576024
  0.62995080   0.32663567
  0.63455182   0.37335795
  0.63863179   0.42676344
  0.64235652   0.48780810
  0.64645005   0.55758465
  0.65108254   0.63734210
  0.65632173   0.72850814
  0.66224339   0.83271465
  0.66893011   0.95182697
  0.67647581   1.08797723
  0.68498880   1.24360255
  0.69459307   1.42148868
  0.70542534   1.62481981
  0.71763652   1.85723562
  0.73143677   2.12289642
  0.74704231   2.42655760
  0.76467805   2.77365477
  0.78459449   3.17040105
  0.80707396   3.62389832
  0.83243272   4.14226427
  0.86102440   4.73477780
  0.89324980   5.41204505
  0.92955857   6.18618926
  0.97046059   7.07106781
  1.01652972   8.08252026
  1.06842077   9.23865185
  1.12687439  10.56015764
  1.19273074  12.07069291
  1.26694637  13.79729661
  1.35061306  15.77087540
  1.44499392  18.02675683
  1.55148909  20.60532174
  1.67175592  23.55272709
  1.80762473  26.92173218
  1.96125947  30.77264306
  2.13505281  35.17439198
  2.33173269  40.20577138
  2.55435829  45.95684420
  2.80609757  52.53055609
  3.08984626  60.04457815
  3.40726251  68.63341327
  3.75656529  78.45080376
  4.12854712  89.67248338
  4.50210543 102.49932301
  4.84460612 117.16092631
  5.12353919 133.91973968
  5.32156844 153.07575008
  5.43979038 174.97185493
  5.49368747 200.00000000
