  1.00000000   0.25000000
  1.00000000   0.28576024
  1.00000000   0.32663567
  1.00000000   0.37335795
  1.00000000   0.42676344
  1.00000000   0.48780810
  1.00000000   0.55758465
  1.00000000   0.63734210
  1.00000000   0.72850814
  1.00000000   0.83271465
  1.00000000   0.95182697
  1.00000000   1.08797723
  1.00000000   1.24360255
  1.00000000   1.42148868
  1.00000000   1.62481981
  0.98000000   1.85723562
  0.84000000   2.12289642
  0.74000000   2.42655760
  0.66000000   2.77365477
  0.58000000   3.17040105
  0.52000000   3.62389832
  0.46000000   4.14226427
  0.42000000   4.73477780
  0.38000000   5.41204505
  0.36000000   6.18618926
  0.32000000   7.07106781
  0.30000000   8.08252026
  0.28000000   9.23865185
  0.26000000  10.56015764
  0.24000000  12.07069291
  0.22000000  13.79729661
  0.22000000  15.77087540
  0.20000000  18.02675683
  0.20000000  20.60532174
  0.18000000  23.55272709
  0.18000000  26.92173218
  0.16000000  30.77264306
  0.16000000  35.17439198
  0.16000000  40.20577138
  0.14000000  45.95684420
  0.14000000  52.53055609
  0.14000000  60.04457815
  0.14000000  68.63341327
  0.14000000  78.45080376
  0.14000000  89.67248338
  0.14000000 102.49932301
  0.14000000 117.16092631
  0.16000000 133.91973968
  0.14000000 153.07575008
  0.14000000 174.97185493
  0.14000000 200.00000000
  0.24975000   0.25000000
  0.28551024   0.28576024
  0.32638567   0.32663567
  0.37310795   0.37335795
  0.42651344   0.42676344
  0.45398354   0.48780810
  0.45747236   0.55758465
  0.46544811   0.63734210
  0.47000641   0.72850814
  0.47720132   0.83271465
  0.48555038   0.95182697
  0.49421585   1.08797723
  0.50344680   1.24360255
  0.51323053   1.42148868
  0.52441375   1.62481981
  0.53719661   1.85723562
  0.55047965   2.12289642
  0.56566271   2.42655760
  0.58128209   2.77365477
  0.59913567   3.17040105
  0.62181053   3.62389832
  0.64513700   4.14226427
  0.67180011   4.73477780
  0.70227714   5.41204505
  0.73324290   6.18618926
  0.77306244   7.07106781
  0.81352054   8.08252026
  0.85976580   9.23865185
  0.91262603  10.56015764
  0.97304744  12.07069291
  1.04211159  13.79729661
  1.12105474  15.77087540
  1.20001059  18.02675683
  1.30315319  20.60532174
  1.40631238  23.55272709
  1.52422755  26.92173218
  1.65900943  30.77264306
  1.81307065  35.17439198
  1.98916893  40.20577138
  2.19045647  45.95684420
  2.45340495  52.53055609
  2.71639572  60.04457815
  3.05994913  68.63341327
  3.50173170  78.45080376
  4.06281568  89.67248338
  4.89656026 102.49932301
  6.14279654 117.16092631
  7.81867787 133.91973968
  9.73427891 153.07575008
 11.92388940 174.97185493
 14.42670391 200.00000000
  0.59376787   0.25000000
  0.59911998   0.28576024
  0.60388096   0.32663567
  0.60810775   0.37335795
  0.61185376   0.42676344
  0.61530708   0.48780810
  0.61913474   0.55758465
  0.62346780   0.63734210
  0.62836913   0.72850814
  0.63390927   0.83271465
  0.64016632   0.95182697
  0.64722793   1.08797723
  0.65519525   1.24360255
  0.66418408   1.42148868
  0.67432247   1.62481981
  0.68575063   1.85723562
  0.69866057   2.12289642
  0.71325873   2.42655760
  0.72975419   2.77365477
  0.74838143   3.17040105
  0.76940229   3.62389832
  0.79311053   4.14226427
  0.81983655   4.73477780
  0.84995056   5.41204505
  0.88387042   6.18618926
  0.92206882   7.07106781
  0.96507496   8.08252026
  1.01349173   9.23865185
  1.06800230  10.56015764
  1.12938097  12.07069291
  1.19850822  13.79729661
  1.27639217  15.77087540
  1.36418078  18.02675683
  1.46316518  20.60532174
  1.57485783  23.55272709
  1.70092344  26.92173218
  1.84329327  30.77264306
  2.00411268  35.17439198
  2.18570279  40.20577138
  2.39050502  45.95684420
  2.62075067  52.53055609
  2.87769768  60.04457815
  3.16035563  68.63341327
  3.46320290  78.45080376
  3.77344678  89.67248338
  4.07038192 102.49932301
  4.33042566 117.16092631
  4.53644628 133.91973968
  4.68271822 153.07575008
  4.77225249 174.97185493
  4.81488325 200.00000000
