  1.00000000   0.25000000
  1.00000000   0.28576024
  1.00000000   0.32663567
  1.00000000   0.37335795
  1.00000000   0.42676344
  1.00000000   0.48780810
  1.00000000   0.55758465
  1.00000000   0.63734210
  1.00000000   0.72850814
  1.00000000   0.83271465
  1.00000000   0.95182697
  1.00000000   1.08797723
  1.00000000   1.24360255
  1.00000000   1.42148868
  1.00000000   1.62481981
  1.00000000   1.85723562
  0.88000000   2.12289642
  0.76000000   2.42655760
  0.66000000   2.77365477
  0.58000000   3.17040105
  0.52000000   3.62389832
  0.48000000   4.14226427
  0.42000000   4.73477780
  0.38000000   5.41204505
  0.36000000   6.18618926
  0.32000000   7.07106781
  0.30000000   8.08252026
  0.28000000   9.23865185
  0.26000000  10.56015764
  0.24000000  12.07069291
  0.22000000  13.79729661
  0.22000000  15.77087540
  0.20000000  18.02675683
  0.18000000  20.60532174
  0.18000000  23.55272709
  0.18000000  26.92173218
  0.16000000  30.77264306
  0.16000000  35.17439198
  0.16000000  40.20577138
  0.14000000  45.95684420
  0.14000000  52.53055609
  0.14000000  60.04457815
  0.14000000  68.63341327
  0.12000000  78.45080376
  0.12000000  89.67248338
  0.12000000 102.49932301
  0.12000000 117.16092631
  0.12000000 133.91973968
  0.12000000 153.07575008
  0.10000000 174.97185493
  0.12000000 200.00000000
  0.24975000   0.25000000
  0.28551024   0.28576024
  0.32638567   0.32663567
  0.37310795   0.37335795
  0.42651344   0.42676344
  0.48755810   0.48780810
  0.50151341   0.55758465
  0.50948915   0.63734210
  0.51404746   0.72850814
  0.52268101   0.83271465
  0.53301093   0.95182697
  0.54201044   1.08797723
  0.55304520   1.24360255
  0.56406732   1.42148868
  0.57626719   1.62481981
  0.59021213   1.85723562
  0.60482348   2.12289642
  0.62152484   2.42655760
  0.63887970   2.77365477
  0.65871702   3.17040105
  0.68139188   3.62389832
  0.70731018   4.14226427
  0.73693585   4.73477780
  0.76741288   5.41204505
  0.80612009   6.18618926
  0.84593962   7.07106781
  0.89145498   8.08252026
  0.94348091   9.23865185
  1.00294867  10.56015764
  1.06337008  12.07069291
  1.14106724  13.79729661
  1.22001040  15.77087540
  1.31024565  18.02675683
  1.42628107  20.60532174
  1.54417729  23.55272709
  1.67893749  26.92173218
  1.83297393  30.77264306
  1.98703514  35.17439198
  2.18829031  40.20577138
  2.41833323  45.95684420
  2.64841314  52.53055609
  2.94897403  60.04457815
  3.24958326  68.63341327
  3.64227887  78.45080376
  4.09114606  89.67248338
  4.66835384 102.49932301
  5.47474202 117.16092631
  6.81544709 133.91973968
  8.73104813 153.07575008
 10.92065862 174.97185493
 13.42347313 200.00000000
  0.71418951   0.25000000
  0.72194686   0.28576024
  0.72887134   0.32663567
  0.73503786   0.37335795
  0.74051792   0.42676344
  0.74537888   0.48780810
  0.75008091   0.55758465
  0.75538417   0.63734210
  0.76137644   0.72850814
  0.76814387   0.83271465
  0.77578067   0.95182697
  0.78439328   1.08797723
  0.79410173   1.24360255
  0.80504485   1.42148868
  0.81738123   1.62481981
  0.83128548   1.85723562
  0.84697937   2.12289642
  0.86473167   2.42655760
  0.88480115   2.77365477
  0.90747819   3.17040105
  0.93308966   3.62389832
  0.96200136   4.14226427
  0.99462845   4.73477780
  1.03143689   5.41204505
  1.07295448   6.18618926
  1.11977942   7.07106781
  1.17258623   8.08252026
  1.23214391   9.23865185
  1.29932814  10.56015764
  1.37513464  12.07069291
  1.46069866  13.79729661
  1.55731518  15.77087540
  1.66648038  18.02675683
  1.78986917  20.60532174
  1.92944991  23.55272709
  2.08741344  26.92173218
  2.26634931  30.77264306
  2.46913965  35.17439198
  2.69913248  40.20577138
  2.96021176  45.95684420
  3.25671339  52.53055609
  3.59355065  60.04457815
  3.97611195  68.63341327
  4.40969402  78.45080376
  4.89735059  89.67248338
  5.43415172 102.49932301
  5.99569323 117.16092631
  6.52547642 133.91973968
  6.94670890 153.07575008
  7.20811977 174.97185493
  7.32202953 200.00000000
