  1.00000000   0.25000000
  1.00000000   0.28576024
  1.00000000   0.32663567
  1.00000000   0.37335795
  1.00000000   0.42676344
  1.00000000   0.48780810
  1.00000000   0.55758465
  1.00000000   0.63734210
  1.00000000   0.72850814
  1.00000000   0.83271465
  1.00000000   0.95182697
  1.00000000   1.08797723
  1.00000000   1.24360255
  1.00000000   1.42148868
  1.00000000   1.62481981
  1.00000000   1.85723562
  0.94000000   2.12289642
  0.82000000   2.42655760
  0.72000000   2.77365477
  0.64000000   3.17040105
  0.56000000   3.62389832
  0.50000000   4.14226427
  0.46000000   4.73477780
  0.40000000   5.41204505
  0.36000000   6.18618926
  0.34000000   7.07106781
  0.30000000   8.08252026
  0.28000000   9.23865185
  0.26000000  10.56015764
  0.24000000  12.07069291
  0.22000000  13.79729661
  0.22000000  15.77087540
  0.20000000  18.02675683
  0.20000000  20.60532174
  0.18000000  23.55272709
  0.18000000  26.92173218
  0.16000000  30.77264306
  0.16000000  35.17439198
  0.16000000  40.20577138
  0.14000000  45.95684420
  0.14000000  52.53055609
  0.14000000  60.04457815
  0.14000000  68.63341327
  0.12000000  78.45080376
  0.12000000  89.67248338
  0.12000000 102.49932301
  0.12000000 117.16092631
  0.12000000 133.91973968
  0.10000000 153.07575008
  0.10000000 174.97185493
  0.12000000 200.00000000
  0.24975000   0.25000000
  0.28551024   0.28576024
  0.32638567   0.32663567
  0.37310795   0.37335795
  0.42651344   0.42676344
  0.48755810   0.48780810
  0.55035699   0.55758465
  0.55833274   0.63734210
  0.56289104   0.72850814
  0.57312012   0.83271465
  0.58251521   0.95182697
  0.59367087   1.08797723
  0.60567907   1.24360255
  0.61933522   1.42148868
  0.63224914   1.62481981
  0.64735617   1.85723562
  0.66329582   2.12289642
  0.68151549   2.42655760
  0.70060583   2.77365477
  0.72044314   3.17040105
  0.74538549   3.62389832
  0.77130379   4.14226427
  0.80092947   4.73477780
  0.83479283   5.41204505
  0.87350004   6.18618926
  0.91331958   7.07106781
  0.96389220   8.08252026
  1.01591812   9.23865185
  1.07538588  10.56015764
  1.14335997  12.07069291
  1.22105713  13.79729661
  1.30986818  15.77087540
  1.40010344  18.02675683
  1.51613886  20.60532174
  1.63403507  23.55272709
  1.76879528  26.92173218
  1.94208626  30.77264306
  2.11815622  35.17439198
  2.31941140  40.20577138
  2.54945431  45.95684420
  2.81240279  52.53055609
  3.11296367  60.04457815
  3.45651707  68.63341327
  3.84921269  78.45080376
  4.29807988  89.67248338
  4.81115346 102.49932301
  5.47092561 117.16092631
  6.47645441 133.91973968
  8.20049535 153.07575008
 10.39010583 174.97185493
 12.89292034 200.00000000
  0.81756931   0.25000000
  0.82775098   0.28576024
  0.83686661   0.32663567
  0.84500607   0.37335795
  0.85225661   0.42676344
  0.85870160   0.48780810
  0.86442929   0.55758465
  0.87031925   0.63734210
  0.87696475   0.72850814
  0.88445635   0.83271465
  0.89289506   0.95182697
  0.90239578   1.08797723
  0.91308668   1.24360255
  0.92511336   1.42148868
  0.93864591   1.62481981
  0.95387861   1.85723562
  0.97103062   2.12289642
  0.99040508   2.42655760
  1.01230409   2.77365477
  1.03704932   3.17040105
  1.06500475   3.62389832
  1.09657944   4.14226427
  1.13223741   4.73477780
  1.17250860   5.41204505
  1.21798905   6.18618926
  1.26936236   7.07106781
  1.32739690   8.08252026
  1.39298247   9.23865185
  1.46711831  10.56015764
  1.55094918  12.07069291
  1.64578020  13.79729661
  1.75310998  15.77087540
  1.87463496  18.02675683
  2.01229748  20.60532174
  2.16836084  23.55272709
  2.34534076  26.92173218
  2.54620968  30.77264306
  2.77429956  35.17439198
  3.03344982  40.20577138
  3.32813947  45.95684420
  3.66337111  52.53055609
  4.04490458  60.04457815
  4.47937961  68.63341327
  4.97437609  78.45080376
  5.53808028  89.67248338
  6.17750396 102.49932301
  6.89165520 117.16092631
  7.65029075 133.91973968
  8.35843333 153.07575008
  8.86560291 174.97185493
  9.09696230 200.00000000
